010111	8.3552781E8
010119	4.90296128E8
010120	3.49884E7
010210	4.87316736E8
010290	2.53230822E9
010310	1.57093552E8
010391	8.8156986E8
010392	1.03615578E9
010410	7.9091565E8
010420	1.83275696E8
010511	3.60285728E8
010519	7.3241784E7
010591	6.3559008E8
010599	1.89950336E8
010600	2.83287008E8
020110	6.9270144E8
020120	1.379104E9
020130	2.42789811E9
020210	1.87046896E8
020220	4.036E8
020230	4.8904873E9
020311	1.10547725E9
020312	1.50860493E9
020319	2.6020311E9
020321	2.50630144E8
020322	9.693783E8
020329	4.3868503E9
020410	4.57766912E8
020421	1.0416512E8
020422	4.42293088E8
020423	1.70876928E8
020430	6.5240976E7
020441	1.14388432E8
020442	1.02445568E9
020443	3.8805616E8
020450	2.18099808E8
020500	1.86889648E8
020610	4.48689952E8
020621	4.18631264E8
020622	2.50789536E8
020629	9.8874893E8
020630	1.89893184E8
020641	4.481316E7
020649	2.44697114E9
020680	1.0738224E7
020690	1.39925424E8
020710	5.6058528E8
020721	2.80472986E9
020722	6.4810908E7
020723	1.24466E8
020731	6.1325464E7
020739	8.8308928E8
020741	4.4608364E9
020742	2.27972736E8
020743	2.11816496E8
020750	2.5854648E7
020810	7.6320168E7
020820	2.3368612E7
020890	2.8778192E8
020900	5.4887866E8
021011	7.6546336E7
021012	1.25324072E8
021019	8.5346592E8
021020	7.4672016E7
021090	8.1744538E8
030110	1.3488048E8
030191	3.1564816E7
030192	1.8487488E8
030193	1.56185648E8
030199	3.2798704E8
030211	7.3227696E7
030212	4.4593009E9
030219	5.7719704E7
030221	8.6185224E7
030222	3.84502E7
030223	4.3078412E7
030229	3.095902E7
030231	4.2571888E7
030232	3.4516472E7
030233	1179030.0
030239	2.51738864E8
030240	8.4961176E7
030250	2.21719968E8
030261	1.05170968E8
030262	1.6071192E8
030263	3.6582232E7
030264	6.3641952E7
030265	1.2294984E7
030266	1.3352137E7
030269	7.7266989E8
030270	3.255866E7
030310	6.3839136E8
030321	4.77235744E8
030322	6.2726118E8
030329	3.3483156E7
030331	2.3689536E8
030332	2.6192848E8
030333	3.4021244E7
030339	2.34869792E8
030341	9.116932E7
030342	3.3952848E8
030343	2.50952176E8
030349	1.75843136E8
030350	2.16011312E8
030360	9.5302419E8
030371	2.11499376E8
030372	1.5339728E8
030373	4.7592224E7
030374	4.62262048E8
030375	6.3905144E7
030376	4.8710804E7
030377	3.4244716E7
030378	1.82159456E8
030379	1.54158771E9
030380	1.4922576E8
030410	1.32008384E9
030420	4.7384294E9
030490	5.06749824E8
030510	1.8332088E7
030520	1.55438352E8
030530	2.29666512E8
030541	1.99544576E8
030542	3.3827544E7
030549	8.0069064E7
030551	3.69079488E8
030559	4.3639536E8
030561	2.144176E7
030562	5.2842544E8
030563	4.0072264E7
030569	1.195866E8
030611	1.73955728E8
030612	6.5545939E8
030613	4.05105408E9
030614	7.0407437E8
030619	5.959494E7
030621	5.6748429E8
030622	6.7452934E8
030623	1.45237088E8
030624	4.1025152E8
030629	4.5390912E7
030710	6.785448E7
030721	9.2558056E7
030729	4.40199616E8
030731	1.19004072E8
030739	4.6554028E7
030741	2.7321508E7
030749	2.23325901E9
030751	9.8451064E7
030759	7.4597453E8
030760	4.578856E7
030791	2.36187552E8
030799	6.8894771E8
040110	2.01873088E8
040120	1.19488832E9
040130	4.50490112E8
040210	2.61350579E9
040221	6.1381202E9
040229	2.03585872E8
040291	5.29173856E8
040299	2.4424608E8
040310	6.1374989E8
040390	4.07930336E8
040410	1.15847872E9
040490	5.8053907E8
040500	2.18912922E9
040610	1.6425961E9
040620	3.85829504E8
040630	5.5005254E8
040640	1.77767664E8
040690	3.99591066E9
040700	1.00200013E9
040811	2.3336264E7
040819	9.6522936E7
040891	4.1351448E7
040899	2.0839552E8
040900	5.5309274E8
041000	4.32894464E8
050100	1.44977408E8
050210	1.03236712E8
050290	5.3776464E7
050300	9541116.0
050400	1.26497421E9
050510	1.00232499E9
050590	8.850108E7
050610	3.7264192E7
050690	9.5393376E7
050710	2.78041E7
050790	5.5973296E7
050800	7.6782704E7
050900	9536799.0
051000	6.272602E7
051110	1.67304688E8
051191	1.77625328E8
051199	5.33387904E8
060110	1.13891072E9
060120	4.36097696E8
060210	2.11605904E8
060220	1.41094736E8
060230	5.8045584E7
060240	7.2716192E7
060291	1.8196496E7
060299	4.16082278E9
060310	4.7356088E9
060390	8.3196659E8
060410	2.06211E7
060491	3.36293952E8
060499	7.061656E7
070110	4.95534976E8
070190	6.8823085E8
070200	6.4770323E8
070310	4.76621568E8
070320	2.64471373E9
070390	9.6141976E7
070410	1.62212848E8
070420	2.9365002E7
070490	3.9887936E8
070511	1.72446E8
070519	3.58354144E8
070521	4.401258E7
070529	3.778316E7
070610	3.53459232E8
070690	8.14452E7
070700	3.61310016E8
070810	1.15619544E8
070820	5.4852058E8
070890	1.3000388E7
070910	2.782284E7
070920	2.0023624E8
070930	6.9934736E7
070940	7.3065336E7
070951	1.83174528E8
070952	1.58166352E8
070960	7.5190662E8
070970	1.13930064E8
070990	5.6837446E8
071010	5.0464572E7
071021	1.7465616E8
071022	1.47469808E8
071029	1.14186976E8
071030	9.7043456E7
071040	4.4618984E7
071080	7.2026829E8
071090	3.46644608E8
071110	1936535.0
071120	7.1126456E7
071130	2.6565532E7
071140	3.9856092E7
071190	1.96861456E8
071210	3570535.0
071220	1.26067408E8
071230	2.25055488E9
071290	1.05974048E9
071310	1.20587853E9
071320	9.0573114E8
071331	2.40720048E8
071332	8.3350352E7
071333	7.1855789E8
071339	1.6168632E8
071340	1.95229453E9
071350	3.05264256E8
071390	2.59676464E8
071410	2.11956774E9
071420	1.57700416E8
071490	1.89449728E8
080110	2.5156752E8
080120	1.92026752E8
080130	9.8742227E8
080211	2.9215056E8
080212	2.11242176E9
080221	5.9158916E7
080222	1.3431785E9
080231	2.27059168E8
080232	6.2652723E8
080240	8.602264E7
080250	8.1290298E8
080290	4.3754112E8
080300	4.3380204E9
080410	2.33226352E8
080420	1.92633664E8
080430	9.0531091E8
080440	7.4552435E8
080450	5.7972883E8
080510	8.2006125E8
080520	9.8042797E8
080530	6.6662733E8
080540	3.75626688E8
080590	2.1419438E7
080610	1.62976205E9
080620	7.996119E8
080710	5.7082854E8
080720	8.2516E7
080810	1.45293158E9
080820	4.87011168E8
080910	1.34627984E8
080920	8.0279693E8
080930	4.60268E8
080940	1.5950616E8
081010	3.51335552E8
081020	2.79068384E8
081030	2.0607E7
081040	6.7696435E8
081090	1.93237555E9
081110	2.27091984E8
081120	3.5811776E8
081190	5.5222886E8
081210	2.8394586E7
081220	2337764.0
081290	5.995904E7
081310	1.81865008E8
081320	2.33350624E8
081330	4.9496712E7
081340	1.43215088E8
081350	1.13681104E8
081400	1.9680008E7
090111	1.17954089E10
090112	8.4240992E8
090121	1.76122906E9
090122	1.8249416E8
090130	2.2757656E7
090140	3.93979424E8
090210	6.5501472E8
090220	4.6390656E8
090230	2.02837216E8
090240	1.20291866E9
090300	1.14086696E8
090411	5.31642112E8
090412	1.19735832E8
090420	6.5560269E8
090500	4.08348928E8
090610	7.1694008E7
090620	6.1647288E7
090700	3.45150592E8
090810	9.8033048E7
090820	4.1984664E7
090830	3.0809136E8
090910	4.4465224E7
090920	6.7734152E7
090930	2.98062304E8
090940	1.0874016E7
090950	2.240794E7
091010	5.4899072E8
091020	2.93231424E8
091030	1.94400032E8
091040	1.2396986E7
091050	1.0393839E7
091091	6.2228112E7
091099	1.35327584E8
100110	3.19475328E9
100190	1.10457446E10
100200	2.83803008E8
100300	3.24948352E9
100400	5.4223795E8
100510	1.29024614E9
100590	1.37332326E10
100610	7.4443955E8
100620	9.9388563E8
100630	7.7548186E9
100640	9.2565888E8
100700	2.9709568E9
100810	6.4230976E7
100820	5.0947352E7
100830	1.35357008E8
100890	2.03497296E8
110100	8.4922842E8
110210	1.92339E7
110220	1.94073904E8
110230	1.2536494E7
110290	4.141468E7
110311	1.97296224E8
110312	2.144226E7
110313	1.01914784E8
110314	6426250.0
110319	1.13871368E8
110321	2.2367232E7
110329	9252118.0
110411	2370000.0
110412	1.03696976E8
110419	1.12724168E8
110421	4319779.0
110422	4.4462476E7
110423	5.3851885E8
110429	1.02485645E9
110430	1.09979256E8
110510	7.122696E7
110520	1.74694032E8
110610	2.2324098E7
110620	3.7104024E7
110630	6.3159148E7
110710	1.36322752E9
110720	2.02848768E8
110811	9.00034E7
110812	1.53181248E8
110813	4.01161504E8
110814	8.3577446E8
110819	5.1293312E7
110820	1.37190464E8
110900	4.80372128E8
120100	4.0261718E10
120210	1.55316576E8
120220	9.423367E8
120300	4.5401168E7
120400	4.44148576E8
120500	5.2153667E9
120600	7.4181382E8
120710	9.1034672E7
120720	2.25953568E8
120730	1.8444E7
120740	1.1480873E9
120750	1.6204368E8
120760	3.0602988E7
120791	9.6578344E7
120792	1.2890643E7
120799	3.26481312E8
120810	1.98841968E8
120890	4.217984E7
120911	3.29238368E8
120919	1.2717E7
120921	6.2457032E7
120922	3.047702E7
120923	6.2702632E7
120924	2.297015E7
120925	9.6039752E7
120926	9057015.0
120929	9.6961232E7
120930	8.8728424E7
120991	1.10669619E9
120999	1.26001392E8
121010	7.2875E7
121020	4.04799008E8
121110	1.3378444E7
121120	3.10728032E8
121190	1.10750656E9
121210	5.2273516E7
121220	3.38332512E8
121230	2.7405178E7
121291	2.9191728E7
121292	7.1691352E7
121299	5.9623072E8
121300	1.18600712E8
121410	2.03922176E8
121490	1.00145709E9
130110	3.8205576E7
130120	3.67115328E8
130190	1.48015984E8
130211	4.2670504E7
130212	6.8745856E7
130213	2.57458E8
130214	2.7368764E7
130219	7.294937E8
130220	2.5972848E8
130231	9.7349232E7
130232	6.1873147E9
130239	3.97120544E8
140110	7.2816264E7
140120	5.2403904E7
140190	8.700812E7
140210	1.6212168E7
140291	1171761.0
140299	2100339.0
140310	1.3307306E7
140390	2.3776E7
140410	3.0693624E7
140420	1.56545632E8
140490	2.10327664E8
150100	1.22343448E8
150200	4.01895808E8
150300	3.866276E7
150410	3.167094E7
150420	4.66669408E8
150430	7675299.0
150510	1.9398324E7
150590	9.1172056E7
150600	1.79589856E8
150710	4.8123796E9
150790	6.8618618E8
150810	1.8057128E8
150890	4.1331616E7
150910	1.93994355E9
150990	6.9371411E8
151000	1.884968E8
151110	8.7770153E9
151190	1.32581632E10
151211	1.53299878E9
151219	3.4471472E8
151221	1.6418172E7
151229	6.2009352E7
151311	9.9530906E8
151319	4.25094048E8
151321	1.64007411E9
151329	1.60122739E9
151410	1.95419763E9
151490	1.43191552E9
151511	8.522368E7
151519	6.3770408E7
151521	1.29648432E8
151529	1.25386856E8
151530	8.3310227E8
151540	4.8033092E7
151550	8.950648E7
151560	8900000.0
151590	3.31838976E8
151610	7.13308E7
151620	7.9711763E8
151710	2.49428672E8
151790	8.455072E8
151800	4.74913248E8
151911	4.80930048E8
151912	5.2983324E7
151913	1.17142968E8
151919	1.43101107E9
151920	5.15939008E8
151930	6.3142067E8
152010	2.76141888E8
152090	3.16457984E8
152110	1.20957496E8
152190	6.4390804E7
152200	6.3444016E7
160100	8.3343942E8
160210	3.8752256E7
160220	1.43840224E8
160231	3.72313408E8
160239	2.26929741E9
160241	3.14442144E8
160242	4.79923424E8
160249	4.88369248E8
160250	8.5333139E8
160290	5.6363548E7
160300	8.7937056E7
160411	1.67414384E8
160412	2.06588912E8
160413	4.71754016E8
160414	2.98573235E9
160415	2.04806432E8
160416	1.68654976E8
160419	1.82935488E9
160420	5.32636E8
160430	1.491436E8
160510	7.8051149E8
160520	1.29306483E9
160530	3.33072128E8
160540	3.8375824E8
160590	1.64838042E9
170111	1.15487857E10
170112	4.45989344E8
170191	1.6482168E8
170199	3.45483213E9
170210	5.8081971E8
170220	2.87932928E8
170230	3.99230016E8
170240	8.2107432E7
170250	1.0979264E8
170260	7.0546234E8
170290	2.6874624E8
170310	3.53824128E8
170390	1.15347096E8
170410	1.82571312E8
170490	1.71890586E9
180100	5.182569E9
180200	5.632256E8
180310	8.3677632E8
180320	2.92795392E8
180400	1.65392896E9
180500	1.06727155E9
180610	1.14688376E8
180620	1.22032499E9
180631	1.17655846E9
180632	1.17158426E9
180690	2.74668698E9
190110	4.502654E9
190120	6.9431251E8
190190	2.36703053E9
190211	2.10707616E8
190219	2.18757632E9
190220	3.74499149E9
190230	6.0265933E8
190240	4.580132E7
190300	2.6117392E7
190410	7.3665722E8
190490	1.63619264E8
190510	1.41756128E8
190520	6.8030096E7
190530	1.87839386E9
190540	1.04568432E8
190590	2.86376371E9
200110	1.28787464E8
200120	3713000.0
200190	2.44129504E8
200210	4.71362144E8
200290	9.8325677E8
200310	6.6487456E8
200320	2.2815426E7
200410	1.63682714E9
200490	3.01595968E8
200510	2.899634E7
200520	3.7382464E8
200530	6774000.0
200540	1.10785648E8
200551	1.14801136E8
200559	1.0389116E8
200560	3.41150912E8
200570	8.4145274E8
200580	2.18098496E8
200590	1.65331661E9
200600	2.53697776E8
200710	1.12061152E8
200791	2.4039328E7
200799	3.66784224E8
200811	7.7903072E8
200819	1.19966221E9
200820	4.71430848E8
200830	4.43778144E8
200840	7.217424E7
200850	6.9249E7
200860	1.29672688E8
200870	3.58146496E8
200880	6.3642E7
200891	8.1919128E7
200892	1.05179968E8
200899	9.0313792E8
200911	1.54260326E9
200919	1.93069875E9
200920	1.28797368E8
200930	1.93135408E8
200940	2.92209216E8
200950	1.46172E7
200960	2.29384544E8
200970	1.24399398E9
200980	3.28068672E8
200990	2.13642E8
210110	1.08423334E9
210120	2.94286272E8
210130	1.89051024E8
210210	2.25846816E8
210220	1.58134592E8
210230	2.4216504E7
210310	1.47964464E8
210320	3.92723136E8
210330	9.8630096E7
210390	1.17512602E9
210410	4.450032E8
210420	1.55392E8
210500	4.96348E8
210610	8.483753E8
210690	6.4636006E9
220110	9.956608E8
220190	6.1183002E8
220210	1.77823027E9
220290	1.22825011E9
220300	3.80765261E9
220410	3.50066253E9
220421	8.9218048E9
220429	1.0436288E9
220430	1.93849888E8
220510	2.4767392E8
220590	5.3817192E7
220600	3.36400864E8
220710	2.36632678E9
220720	8.1182246E8
220810	2.1158392E7
220820	3.42034483E9
220830	5.8195282E9
220840	6.3213075E8
220850	4.2209248E8
220890	3.54063206E9
220900	3.21822912E8
230110	4.81061376E8
230120	1.7975049E9
230210	2.82983232E8
230220	3.963644E7
230230	6.7774778E8
230240	1.0454832E8
230250	3.2178752E8
230310	9.6264518E8
230320	2.1887616E8
230330	2.98397338E9
230400	1.18376356E10
230500	6.4781176E7
230610	1.501812E8
230620	6.3854216E7
230630	9.9692595E8
230640	1.2748736E9
230650	2.11256208E8
230660	5.3863674E8
230690	1.60700992E8
230700	1.6832076E7
230810	5855893.0
230890	5.9518643E8
230910	1.6404105E9
230990	2.78364877E9
240110	5.822064E8
240120	3.04662093E9
240130	1.28551608E8
240210	9.1933875E8
240220	5.7674532E9
240290	1.2758228E8
240310	7.2150202E8
240391	3.9165408E8
240399	4.38656512E8
250100	5.26560576E8
250200	1.07955312E8
250310	3.85384294E9
250390	9724000.0
250410	2.85218304E8
250490	9.24974E7
250510	2.20430672E8
250590	1.59475728E8
250610	7.4281904E7
250621	1.7005454E7
250629	5.2752396E7
250700	5.7371046E8
250810	1.04936368E8
250820	1.7371128E7
250830	2.91779424E8
250840	1.58676032E8
250850	5.7291292E7
250860	6.763552E7
250870	3.0007232E7
250900	4.4702784E7
251010	1.1622944E9
251020	9.6887898E8
251110	3.59504064E8
251120	3019111.0
251200	3.4632496E7
251311	2.328894E7
251319	1.4067465E7
251321	7.4740672E7
251329	5.3821612E7
251400	6.2477636E7
251511	5.8073958E8
251512	1.30004557E9
251520	8.1354864E7
251611	1.1168599E9
251612	2.6532056E8
251621	2.015648E7
251622	1.1623764E8
251690	5.7822144E7
251710	2.49552496E8
251720	6.0256656E7
251730	2.4743098E7
251741	1.87290624E8
251749	1.89824688E8
251810	2.8842672E8
251820	1.4286E8
251830	1.05132568E8
251910	6.8961456E7
251990	6.6215206E8
252010	8.545484E7
252020	9.4003536E7
252100	4.3135232E7
252210	1.06290768E8
252220	4.4216508E7
252230	5112930.0
252310	1.31976192E9
252321	1.49069312E8
252329	8.1334022E8
252330	7.9679752E7
252390	1.15633664E8
252400	3.7537888E8
252510	4.5553624E7
252520	3.6425424E7
252530	3328673.0
252610	7.1510112E7
252620	1.39342928E8
252700	1.1617952E7
252810	2.3953934E7
252890	1.57058752E8
252910	2.0161456E8
252921	6.886228E7
252922	1.94659888E8
252930	9.5817656E7
253010	7.0626304E7
253020	1.16954696E8
253030	2296226.0
253040	6444246.0
253090	3.23337856E8
260111	1.05553158E11
260112	9.9654543E9
260120	4.53045696E8
260200	3.46673971E9
260300	2.14639247E10
260400	5.247147E9
260500	1.08842086E9
260600	3.76795469E9
260700	3.17453158E9
260800	3.09724518E9
260900	8.1464698E8
261000	2.70968934E9
261100	1.59073664E8
261210	9.0951264E8
261220	3.1617764E7
261310	2.13801626E9
261390	1.43166771E9
261400	1.24382016E9
261510	1.25139098E9
261590	2.57521248E8
261610	1.08805376E9
261690	1.66272666E9
261710	2.20041264E8
261790	2.37482048E8
261800	3.38045152E8
261900	7.8048422E8
262011	1.19933376E8
262019	1.72525904E8
262020	1.9716E8
262030	3.4378496E8
262040	1.3066E8
262050	2.9012028E7
262090	2.1884457E9
262100	1.69215504E8
270111	3.47710874E9
270112	4.8136872E10
270119	1.5284439E10
270120	6.2594E7
270210	3.40737434E9
270220	8.620796E7
270300	1.51752614E9
270400	5.8750822E9
270500	3.7532652E7
270600	3.75750976E8
270710	3.12614112E8
270720	2.88475424E8
270730	1.16057728E9
270740	1.0523543E9
270750	6.5463122E9
270760	1.61238416E8
270791	1.90674944E8
270799	1.9039191E9
270810	3.192704E8
270820	1.24324576E8
270900	4.36949156E11
271000	1.30265973E11
271011	6.0075443E8
271012	1.55299622E9
271013	1.56865101E9
271014	3.04584672E8
271015	1.40593968E8
271016	6.63288E8
271019	4.7607813E9
271021	8.8318118E8
271022	6.8722477E8
271025	1.42090317E9
271026	1.98641587E9
271027	1.17307533E9
271029	3.78114688E9
271091	5.462832E8
271093	6.3864762E8
271094	5.8091578E8
271095	3.385616E8
271096	1.63740944E8
271099	6.0202656E8
271111	7.5251802E10
271112	9.5882609E9
271113	4.3266478E9
271114	9.80184E8
271119	1.89118362E9
271121	7.2563499E10
271129	4.9685002E9
271210	1.5654448E8
271220	7.4544742E8
271290	2.92077248E8
271311	1.77724198E9
271312	8.768521E8
271320	2.33421619E9
271390	2.60709811E9
271410	3.13175712E8
271490	3.06985184E8
271500	4.4237425E9
271600	5.8014244E9
280110	2.078771E7
280120	2.43781632E8
280130	4.925118E7
280200	5.1457352E7
280300	2.1695064E8
280410	8.6925808E7
280421	3.9170164E7
280429	8.100224E7
280430	4.481052E7
280440	4.3481384E7
280450	3.5302708E7
280461	1.7080124E7
280469	6.3662323E8
280470	6.7959904E7
280480	4193126.0
280490	2.2698364E7
280511	3000603.0
280519	4579432.0
280521	4184748.0
280522	1152749.0
280530	2.7321112E7
280540	6698818.0
280610	1.8495196E7
280620	1314004.0
280700	1.05263032E8
280800	6.7628128E7
280910	4078044.0
280920	3.94766656E8
281000	3.9574636E7
281111	1.6983396E7
281119	2.0800504E7
281121	2.065897E7
281122	1.32468328E8
281123	3995021.0
281129	3.938852E7
281210	1.4913294E7
281290	2.5916196E7
281310	3.0274708E7
281390	1.891748E7
281410	5.7952115E8
281420	2.77151552E8
281511	4.6728356E7
281512	1.01074253E9
281520	4.505488E7
281530	1122946.0
281610	4.1697392E7
281620	223280.0
281630	1833191.0
281700	2.32605568E8
281810	1.00678096E8
281820	5.3279119E9
281830	1.75539328E8
281910	1.7986414E7
281990	1.0917821E7
282010	5.8475096E7
282090	2.82424E7
282110	4.2467924E7
282120	1287839.0
282200	2.4513294E7
282300	9.6819456E7
282410	9141883.0
282420	4824110.0
282490	9423506.0
282510	1.0166609E7
282520	3.1497668E7
282530	5.5189128E7
282540	5.127588E7
282550	6.2442784E7
282560	2.7002702E7
282570	5.6570756E7
282580	1.21171384E8
282590	1.2738596E8
282611	2006553.0
282612	6.1289292E7
282619	1.1706416E7
282620	926939.0
282630	1.1317534E7
282690	2.3331812E7
282710	7457244.0
282720	1.4977315E7
282731	4017289.0
282732	2.7109188E7
282733	5656088.0
282734	9874247.0
282735	3354650.0
282736	4096357.0
282737	896178.0
282738	1283328.0
282739	4.1447316E7
282741	1.4314355E7
282749	1.0600973E7
282751	2.6104124E7
282759	2.0912268E7
282760	5.1494136E7
282810	1.4666889E7
282890	2.3605128E7
282911	2.8497596E7
282919	1800627.0
282990	2.8163588E7
283010	2.3994278E7
283020	1.1157187E7
283030	696530.0
283090	7.6179816E7
283110	2.574805E7
283190	861324.0
283210	1.6940632E7
283220	4842539.0
283230	4587747.0
283311	9.7410016E7
283319	1.1542458E7
283321	1.4652401E7
283322	6067739.0
283323	3.1993568E7
283324	2.302728E7
283325	5.746784E7
283326	6744764.0
283327	7904806.0
283329	6.6283584E7
283330	370411.0
283340	1.0483085E7
283410	4731349.0
283421	1.34889504E8
283422	7096743.0
283429	7.2392504E7
283510	1.5384475E7
283521	58820.0
283522	3514940.0
283523	2534138.0
283524	4.9662268E7
283525	5.2689072E7
283526	3.3603964E7
283529	1.013914E7
283531	1.70111888E8
283539	3.9778488E7
283610	1390029.0
283620	2.58087248E8
283630	2.706176E7
283640	1.4836832E7
283650	2.0609408E8
283660	4760181.0
283670	730783.0
283691	1.55561696E8
283692	4180853.0
283693	221363.0
283699	1.27232528E8
283711	1.35526544E8
283719	3643723.0
283720	1224266.0
283800	1657827.0
283911	1.3551018E7
283919	4.2284212E7
283920	1686525.0
283990	1.1298485E7
284011	1.2091091E7
284019	6.3949008E7
284020	8365761.0
284030	1.2536769E7
284110	8209783.0
284120	1432639.0
284130	1.50442E7
284140	349976.0
284150	3505597.0
284160	8913940.0
284170	3.3396206E7
284180	2.8549324E7
284190	4.26057E7
284210	3.9603184E7
284290	3.5007456E7
284310	5.72266E7
284321	8.8125832E7
284329	1.6274013E7
284330	4.5903344E7
284390	4.33614304E8
284410	6.186288E7
284420	8.4482842E8
284430	1.1325371E7
284440	1.31124928E8
284450	557327.0
284510	8.4616568E7
284590	5611755.0
284610	4.5395936E7
284690	1.68140464E8
284700	1.2276436E8
284810	689157.0
284890	4192548.0
284910	3.8012884E7
284920	8.1375E7
284990	7.1790968E7
285000	1.655129E7
285100	6.5541004E7
290110	1.96000176E8
290121	3.01413658E9
290122	9.9612192E8
290123	3.62171008E8
290124	3.37534496E8
290129	5.32861088E8
290211	1.0748489E9
290219	1.75467872E8
290220	1.21129664E9
290230	1.18165944E8
290241	1.30060736E8
290242	1.02983504E8
290243	2.916032E8
290244	4.53710656E8
290250	1.1268736E9
290260	5.4916627E8
290270	1.11272179E9
290290	1.03552368E8
290311	1.9151894E7
290312	2.990174E7
290313	1.3978589E7
290314	4112873.0
290315	9.463688E7
290316	156925.0
290319	1.7882186E7
290321	1.16123992E8
290322	7633227.0
290323	1.8524252E7
290329	1.80102E7
290330	9.008008E7
290340	3.8087516E7
290351	2373472.0
290359	5.6021552E7
290361	3.831266E7
290362	316563.0
290369	6.9109592E7
290410	8.6180384E7
290420	1.25837696E8
290490	4.8079868E7
290511	3.6614704E8
290512	1.38104336E8
290513	2.04052032E8
290514	7.3647656E7
290515	4383252.0
290516	1.22300464E8
290517	8848784.0
290519	9.0352272E7
290521	3850854.0
290522	1.362265E7
290529	1.5851594E7
290531	1.11543181E9
290532	9.1932448E7
290539	1.5345872E8
290541	1.7594462E7
290542	2.09356E7
290543	4340618.0
290544	1.0904901E7
290549	1.4764678E7
290550	5.4591088E7
290611	9387041.0
290612	4.5090784E7
290613	2.2922172E7
290614	738248.0
290619	9153298.0
290621	1.193291E7
290629	8830610.0
290711	1.04245779E9
290712	2.1837768E7
290713	1.3697305E7
290714	1.6449889E7
290715	2342028.0
290719	5.4100612E7
290721	4.9959912E7
290722	1.2813355E7
290723	7.308608E7
290729	1.08652432E8
290730	681320.0
290810	2.6027966E7
290820	1649282.0
290890	4105498.0
290911	4635598.0
290919	3.67624736E8
290920	4.944872E7
290930	8.019816E7
290941	2.26585408E8
290942	1.3252987E7
290943	7.0397048E7
290944	5.5547848E7
290949	2.61318944E8
290950	1.5993367E7
290960	8.7306176E7
291010	9.9020552E7
291020	6.0450003E8
291030	4.617738E7
291090	2.0173922E7
291100	1.1413566E7
291211	3.3305822E7
291212	1944245.0
291213	2.5600234E7
291219	9.7665584E7
291221	1.4422036E7
291229	1.0102949E7
291230	732811.0
291241	3849279.0
291242	2503786.0
291249	9122869.0
291250	2390050.0
291260	1.114414E7
291300	6610578.0
291411	5.7542042E8
291412	1.3261336E8
291413	5.6489444E7
291419	1.7100698E7
291421	387377.0
291422	1.6384448E8
291423	1951471.0
291429	3.1272898E7
291430	9284178.0
291441	1157303.0
291449	1.4493911E7
291450	3.9819856E7
291461	2166273.0
291469	4.5196824E7
291470	1.3860288E7
291511	4.8634692E7
291512	1.8585732E7
291513	4097245.0
291521	5.08924992E8
291522	7838583.0
291523	1201565.0
291524	1.61217024E8
291529	1.522102E7
291531	2.6241968E8
291532	5.4473446E8
291533	9.6088328E7
291534	1.8845006E7
291535	2497134.0
291539	2.05316672E8
291540	1.331598E7
291550	7.5028248E7
291560	6.1386808E7
291570	3.3206812E7
291590	2.315388E8
291611	2.10898432E8
291612	6.5990963E8
291613	3.5089188E7
291614	2.13135536E8
291615	2.346942E7
291619	1.9331668E7
291620	4.6201368E7
291631	3.9709176E7
291632	2.3242172E7
291633	3090566.0
291639	4.6553504E7
291711	1.6435531E7
291712	6.996148E7
291713	3.0713664E7
291714	9.0429128E7
291719	6.3368364E7
291720	2.938875E7
291731	3.2351276E7
291732	6.0206148E7
291733	1.052666E8
291734	6.8523856E7
291735	1.2746384E8
291736	1.45952627E9
291737	6.4618208E7
291739	1.75707808E8
291811	2.5020572E7
291812	2.7009122E7
291813	2.2309096E7
291814	9.6435832E7
291815	5.1750984E7
291816	4355726.0
291817	69965.0
291819	8.5834579E8
291821	2915232.0
291822	6918592.0
291823	5508264.0
291829	6.7957312E7
291830	2.8505192E7
291890	1.26245584E8
291900	3.6836368E7
292010	1.2828041E7
292090	1.34928272E8
292111	2.7923096E7
292112	2.076452E7
292119	3.21131968E8
292121	1.21492E8
292122	3.25771104E8
292129	7.8673592E7
292130	5.8733576E7
292141	4.72442496E8
292142	2.5460888E7
292143	5.1130648E7
292144	1.3562652E7
292145	4.4024144E8
292149	2.82285696E8
292151	2.48122144E8
292159	3.8179608E7
292211	7.0357168E7
292212	7.8082488E7
292213	5.255268E7
292219	1.66648624E8
292221	8021693.0
292222	1.3558283E7
292229	5.2073424E7
292230	4403257.0
292241	7.9067704E7
292242	8544767.0
292249	3.00057677E9
292250	3.63575744E8
292310	4.4758424E7
292320	5.8352196E7
292390	4.1649352E7
292410	8.5838416E7
292421	2.268244E7
292429	1.32174736E8
292511	9241802.0
292519	3.839774E7
292520	4.8205376E7
292610	1.84069296E8
292620	7141257.0
292690	4.70893792E8
292700	1.8217242E7
292800	8.2864312E7
292910	6.0839226E8
292990	1.3539872E8
293010	1.5008748E7
293020	6.156636E7
293030	3.4329836E7
293040	1.4164952E8
293090	4.07046272E8
293100	1.03092787E9
293211	6.4984904E7
293212	3.991036E7
293213	5.9397472E7
293219	5.449942E7
293221	2122125.0
293229	3.02352608E8
293290	3.12552896E8
293311	7940600.0
293319	7.0507208E7
293321	4.1167484E7
293329	1.47615776E8
293331	1.15705216E8
293339	3.09743872E9
293340	2.55757536E8
293351	1909749.0
293359	2.10149018E9
293361	6.3874932E7
293369	6.7566816E7
293371	1.15090611E9
293379	1.98595597E9
293390	7.1816264E9
293410	2.9475536E8
293420	6.977767E8
293430	1.8804936E7
293490	1.84536026E9
293500	2.55951078E9
293610	1.1505611E7
293621	2.1903888E7
293622	1.2077698E7
293623	1.6909356E7
293624	5.136324E7
293625	8362334.0
293626	5427190.0
293627	5.3132772E7
293628	1.05669448E8
293629	9.1737176E7
293690	1.04678864E8
293710	6.6250336E8
293721	5.1276344E7
293722	6.6119859E8
293729	1.43193904E8
293791	1.1692785E7
293792	2.33597168E8
293799	3.2252288E9
293810	2.183782E7
293890	8.1321101E8
293910	1.05158024E8
293921	2297046.0
293929	2.8325946E7
293930	5622985.0
293940	2.6376768E7
293950	3695817.0
293960	1.5483983E7
293970	934909.0
293990	1.74572608E8
294000	1.46693568E8
294110	1.83502352E8
294120	3851901.0
294130	2.62053152E8
294140	7727461.0
294150	1.317608E8
294190	8.6309568E8
294200	3.1130632E7
300110	3.7247576E7
300120	9.1584664E7
300190	2.33327642E9
300210	2.41805169E10
300220	1.1194922E10
300231	1.3208143E7
300239	1.84210074E9
300290	2.48609101E9
300310	8.3559053E8
300320	7.2188621E8
300331	2.7565362E7
300339	2.35551821E9
300340	1.55919728E8
300390	1.15349678E10
300410	1.39544422E9
300420	6.1399767E9
300431	6.7361766E9
300432	4.6434499E9
300439	8.4276864E9
300440	2.94319462E9
300450	1.33579187E9
300490	7.7054943E10
300510	6.8531533E8
300590	1.05751763E9
300610	1.88589043E9
300620	1.48612208E8
300630	1.33220186E9
300640	5.8774362E8
300650	1.5044408E8
300660	1.88958592E9
310100	2.87222624E8
310210	3.99378893E9
310221	7.0195104E8
310229	2.09035392E8
310230	1.01448621E9
310240	1.07827302E9
310250	1.36109056E8
310260	7.8522376E7
310270	3.0409E7
310280	5.8114099E8
310290	4.57164832E8
310310	1.02660627E9
310320	2.23396048E8
310390	2.7923792E8
310410	2.76640672E8
310420	6.7685115E9
310430	5.8270003E8
310490	2.90359296E9
310510	4.08154816E8
310520	1.9141152E9
310530	6.2947139E9
310540	1.38470541E9
310551	4.57316224E8
310559	1.55138982E9
310560	1.71056E8
310590	1.67984794E9
320110	7.0010952E7
320120	5.4094168E7
320130	9943384.0
320190	3.249255E7
320210	2.15855392E8
320290	1.56586528E8
320300	3.23671264E8
320411	7.3523187E8
320412	2.69094144E8
320413	1.10074384E8
320414	7.8889056E7
320415	2.49521104E8
320416	3.86562656E8
320417	1.24575898E9
320419	1.25959898E9
320420	2.71007776E8
320490	1.08886208E8
320500	2.948658E7
320610	1.60105293E9
320620	8.4219936E7
320630	9733463.0
320641	3.1683298E7
320642	3.5032412E7
320643	8301558.0
320649	5.7600154E8
320650	1.66736592E8
320710	5.496855E8
320720	5.4582739E8
320730	2.91775008E8
320740	5.4306035E8
320810	7.2087373E8
320820	9.0437069E8
320890	1.61780032E9
320910	7.2525094E8
320990	6.1286912E8
321000	1.5604656E8
321100	5.6729568E7
321210	2.93342272E8
321290	4.00821344E8
321310	1.50360912E8
321390	1.17604848E8
321410	1.60472806E9
321490	5.7087398E8
321511	4.18571008E8
321519	1.39817958E9
321590	2.15531238E9
330111	1.7732258E7
330112	1.9420848E8
330113	2.18378128E8
330114	1.8291532E7
330119	1.00379904E8
330121	1.09162424E8
330122	5707572.0
330123	3.1148764E7
330124	9.8339176E7
330125	2.86816352E8
330126	9980979.0
330129	5.01329536E8
330130	3.7026808E7
330190	3.03586272E8
330210	8.3065452E9
330290	1.62745702E9
330300	6.580162E9
330410	6.5892141E8
330420	8.8118189E8
330430	2.89000928E8
330491	3.29747552E8
330499	7.5965471E9
330510	7.9425715E8
330520	4.0618384E7
330530	2.41100032E8
330590	1.68578496E9
330610	5.8961939E8
330690	3.84127744E8
330710	3.09549664E8
330720	6.502503E8
330730	2.30927728E8
330741	1.19419768E8
330749	4.36651168E8
330790	6.0498221E8
340111	4.45053312E8
340119	3.22805056E8
340120	4.2154384E8
340211	5.7148851E8
340212	1.78518736E8
340213	1.07803878E9
340219	1.76166016E8
340220	2.04822016E9
340290	1.39996813E9
340311	2.03178016E8
340319	1.14830208E9
340391	3.93944032E8
340399	8.7257875E8
340410	3.6857E7
340420	1.26924512E8
340490	5.06789632E8
340510	9.3017E7
340520	6.9644784E7
340530	9.3781928E7
340540	2.8622688E8
340590	3.33104E8
340600	6.9742714E8
340700	2.13095584E8
350110	8.2220392E7
350190	7.49386E7
350210	1.0452384E7
350290	3.4436964E7
350300	7.1628352E7
350400	1.33449104E8
350510	5.036444E7
350520	7632616.0
350610	3.1282708E7
350691	9.0851544E7
350699	2.5465688E7
350710	5022041.0
350790	8.4502512E7
