0,266
0,385
0,265
0,264
0,263
51,1
51,6
51,2
51,0
0,261
51,3
0,260
0,259
0,258
0,257
0,256
0,432
0,255
16,3
0,251
0,250
0,249
0,248
0,247
0,246
0,245
0,236
0,231
0,363
0,359
0,358
0,357
0,356
0,354
0,353
0,352
0,350
0,208
9,1
9,3
20,1
20,3
8,1
8,4
2,0
0,365
0,367
2,3
0,229
0,366
1,1
1,3
48,1
48,4
0,364
0,362
0,360
0,355
57,3
57,2
57,1
57,0
0,346
0,345
0,341
0,340
0,339
0,338
56,3
56,2
0,337
56,1
56,0
0,334
0,333
55,3
55,2
0,332
55,1
55,0
15,3
0,331
30,1
30,3
2,5
0,328
0,327
0,326
0,325
0,7
51,5
0,321
51,4
0,312
0,306
13,1
13,3
0,207
0,206
0,205
0,204
0,203
0,202
0,201
0,200
0,199
0,198
0,197
0,196
0,195
0,194
0,193
0,192
0,63
0,62
0,61
0,60
0,59
0,58
0,57
0,56
0,55
0,54
0,53
0,52
0,51
0,50
0,49
0,48
0,47
0,46
0,45
0,6
0,308
0,307
0,9
0,10
0,406
0,310
0,8
0,409
2,1
2,4
0,407
50,3
12,4
14,1
14,3
0,400
0,402
0,401
0,399
0,398
0,397
0,434
0,433
0,395
0,396
0,394
0,391
0,390
0,304
0,303
54,3
54,2
0,12
0,1
0,11
0,392
54,1
54,0
0,389
5,1
5,3
0,388
0,387
0,386
19,1
19,3
21,1
21,3
0,383
0,384
0,429
0,382
0,381
0,380
0,379
0,428
0,378
0,431
0,427
53,3
53,2
0,372
53,1
53,0
11,1
11,3
6,4
12,1
12,3
0,377
0,371
0,370
52,3
52,2
0,375
52,1
52,0
0,374
0,373
0,300
0,299
0,298
0,297
0,296
0,295
0,294
0,293
0,292
0,291
0,290
0,289
0,288
0,287
0,286
0,285
0,284
0,283
0,282
0,281
0,280
0,279
0,278
0,277
0,276
0,275
0,274
0,273
0,272
0,271
0,270
0,269
0,268
0,267
0,262
0,254
