

Matriz b(Execução Paralela)

869  223  497  815  272  568  971  854  801  807  603  284  856  172  701  87  943  348  512  450  608  755  844  562  820  881  153  710  136  582  82  497  273  43  744  278  480  303  932  342  985  738  964  848  237  977  831  470  536  759  868  719  573  733  195  255  573  734  159  216  646  49  763  562  328  131  426  302  979  184  411  499  612  934  105  947  14  150  192  94  461  448  555  377  286  691  803  18  19  774  162  410  859  733  374  895  341  699  384  237  
452  280  292  657  46  959  379  474  447  959  613  300  59  460  466  698  481  769  119  247  955  556  646  257  137  655  253  531  669  662  457  486  553  18  236  483  61  297  697  983  956  511  800  468  758  845  629  512  1  852  387  763  96  318  998  642  702  802  38  67  243  554  439  573  61  818  982  782  490  727  366  576  170  418  679  321  753  584  968  941  34  607  572  786  87  223  360  448  836  490  12  11  508  714  336  918  12  453  782  574  
51  135  85  992  99  965  254  552  249  329  679  127  407  759  581  696  635  787  934  895  249  492  476  846  180  177  78  598  137  807  208  926  84  588  755  339  492  459  64  309  305  884  565  81  222  191  818  752  785  765  29  291  168  259  209  337  118  716  469  871  850  138  329  547  920  145  76  93  721  736  168  707  134  861  583  927  586  3  903  63  669  994  449  320  180  268  23  64  430  816  363  231  666  972  836  297  236  235  427  83  
734  33  725  207  59  183  809  278  647  456  793  456  562  511  485  355  995  994  818  438  521  447  298  161  173  137  21  755  747  871  22  503  191  937  32  252  925  192  967  288  249  33  643  784  604  214  334  231  520  362  839  192  779  486  431  289  311  668  113  950  170  375  855  695  425  837  287  944  407  227  100  147  180  875  201  947  121  164  928  695  455  230  561  458  207  633  926  491  620  865  459  310  468  248  523  62  582  800  341  509  
238  643  494  57  692  793  351  757  826  181  247  97  36  709  300  375  105  268  931  980  560  381  15  902  902  654  78  216  779  823  982  863  925  549  919  488  725  192  354  1  413  205  583  432  866  688  45  772  991  347  17  398  911  883  498  123  124  525  859  393  957  229  55  619  737  550  315  379  179  683  549  52  318  480  43  57  495  22  302  188  338  513  966  255  373  864  910  505  777  809  423  853  334  846  563  477  182  744  784  799  
410  902  389  489  552  442  544  54  262  160  285  973  256  380  900  474  414  135  665  619  793  925  223  201  220  503  614  825  47  976  376  22  422  670  932  453  328  78  210  141  59  252  590  256  869  726  471  243  558  652  671  678  81  367  252  40  65  835  477  666  48  858  73  766  875  406  392  12  209  290  205  112  306  477  731  820  756  517  45  78  865  676  842  893  669  450  805  253  579  358  162  349  926  578  93  969  437  426  69  721  
464  832  917  717  599  248  770  427  978  243  984  15  483  74  864  462  648  969  612  510  492  909  196  845  445  187  744  605  824  367  333  33  240  502  925  647  350  168  495  50  155  437  237  202  648  147  796  898  814  361  319  151  866  812  852  904  8  435  480  925  904  616  782  8  238  254  26  434  915  986  580  916  777  935  376  548  980  2  747  184  700  599  344  946  215  541  863  159  68  501  391  141  953  690  659  281  206  269  40  171  
882  305  15  447  115  349  229  544  692  507  335  186  414  461  907  244  473  823  426  993  796  204  10  434  440  504  800  353  338  839  971  188  400  49  19  12  107  363  967  18  698  275  870  77  279  728  966  282  659  331  913  416  604  6  29  854  327  351  922  820  337  72  950  155  407  983  356  882  21  237  196  542  683  94  371  917  60  452  491  527  552  535  758  57  226  421  620  503  539  770  244  813  997  604  238  891  500  38  439  691  
414  7  30  528  308  630  251  213  152  965  367  62  318  159  183  47  695  694  378  896  73  957  330  273  418  15  7  192  123  587  695  156  834  613  698  36  143  585  249  722  64  686  150  21  776  117  959  191  842  421  276  957  323  293  280  836  381  237  773  670  672  225  264  848  660  298  315  47  89  707  561  167  287  837  108  928  386  671  250  629  621  190  182  258  231  645  603  961  578  145  724  713  168  556  902  916  40  476  127  428  
999  127  335  185  386  5  348  793  63  585  37  708  180  469  276  531  655  90  438  621  548  625  287  758  429  489  86  684  428  917  848  791  371  393  712  260  69  857  228  254  525  318  482  18  492  566  258  317  88  815  461  764  400  911  243  919  228  771  747  323  985  354  843  804  187  470  823  291  714  6  142  977  407  59  184  552  176  965  579  698  7  328  549  561  953  721  484  458  298  391  673  167  61  408  923  391  233  601  928  99  
648  777  134  352  265  362  896  285  301  365  340  120  95  314  193  321  540  417  966  26  609  88  301  793  940  737  630  332  571  326  88  376  513  124  818  854  887  762  256  515  263  636  281  938  107  736  69  184  524  484  548  971  455  394  594  944  897  650  22  864  420  10  449  758  393  644  588  639  5  36  979  382  697  301  310  756  665  183  21  425  14  998  843  17  614  10  780  134  369  639  120  509  551  632  74  48  685  605  97  408  
967  454  645  940  359  571  126  90  35  682  662  361  757  739  191  185  860  3  935  519  815  540  688  137  218  445  132  322  361  307  301  363  233  732  371  663  558  691  214  928  735  773  795  747  582  895  292  717  547  642  664  521  416  804  426  375  399  724  532  18  744  466  484  574  223  609  415  707  146  641  802  507  584  925  288  780  908  942  670  971  657  810  514  454  112  45  209  307  604  850  31  362  919  518  914  243  301  681  567  254  
598  41  966  686  873  613  938  0  564  468  848  774  513  183  361  458  642  449  682  289  268  130  417  439  649  706  642  920  983  16  519  58  471  711  982  61  584  466  612  683  266  396  303  98  246  566  418  603  818  414  433  286  243  600  68  244  339  852  361  728  874  324  778  515  352  303  541  580  120  703  906  600  808  636  15  795  646  819  911  819  501  398  154  324  237  921  702  670  448  678  275  128  120  142  403  215  910  125  736  287  
797  416  616  156  221  662  316  405  100  352  686  254  750  647  865  177  397  544  842  833  653  286  619  754  822  700  745  184  12  277  499  162  683  258  19  594  923  863  337  565  331  571  771  89  90  483  713  512  89  978  364  384  349  830  383  788  568  793  589  922  239  146  458  569  710  673  486  287  607  892  236  245  9  768  384  840  301  879  7  861  220  434  177  872  69  51  657  584  258  514  429  299  2  458  360  673  434  423  37  447  
364  887  775  3  665  778  691  887  506  23  711  412  2  812  916  508  480  601  558  412  593  466  268  4  874  679  747  701  898  722  397  750  646  5  503  834  783  981  752  489  310  87  636  730  431  253  649  266  299  572  298  987  199  886  62  988  466  447  653  473  780  598  521  551  954  818  359  206  847  766  625  675  764  290  580  833  31  712  908  564  785  584  64  57  426  432  648  909  167  420  155  241  355  382  277  719  172  666  749  755  
908  392  508  673  441  294  265  559  726  825  10  638  151  257  53  899  716  239  301  404  429  731  408  33  508  566  877  833  391  992  283  286  412  503  836  102  336  814  288  983  680  445  350  614  665  3  69  155  762  500  377  261  319  456  954  254  673  131  70  930  752  818  934  545  538  856  69  527  821  45  349  421  449  448  356  29  386  553  812  535  537  694  401  739  513  623  739  306  359  352  603  390  290  603  81  770  858  399  628  599  
542  425  60  605  621  821  273  594  286  401  494  610  635  446  767  875  256  948  0  251  898  81  560  536  266  246  394  428  216  934  84  380  597  140  816  267  9  544  504  39  74  973  438  120  318  610  602  688  168  459  156  948  294  283  153  621  219  776  955  787  344  476  281  191  966  979  358  307  975  862  141  89  162  834  714  565  916  541  987  23  964  552  325  289  839  26  627  225  322  934  449  259  39  122  176  247  38  634  450  778  
372  418  36  644  689  213  692  877  67  916  775  940  616  118  325  750  417  208  249  687  811  274  72  233  495  406  899  918  968  637  432  283  908  304  130  371  932  144  288  268  774  698  811  795  538  923  881  495  449  43  543  956  361  745  92  847  965  683  896  777  33  400  3  714  475  621  322  515  286  56  300  639  240  180  987  463  555  641  205  745  1  87  794  172  784  151  360  19  573  46  579  171  277  999  120  995  854  892  360  111  
60  321  194  553  703  637  345  365  746  261  309  342  302  911  237  258  781  664  306  128  43  114  702  625  559  950  643  346  431  346  625  364  361  79  407  198  398  353  611  816  576  276  924  756  477  87  484  11  420  520  692  234  459  404  79  239  27  673  224  835  411  50  464  894  442  550  263  450  401  557  948  941  148  48  95  646  808  292  636  83  688  650  282  845  954  335  81  985  398  467  947  931  111  264  241  33  970  913  470  849  
363  724  720  968  95  326  210  736  100  649  903  629  109  500  146  157  706  351  113  522  124  122  135  989  205  649  176  400  334  158  55  327  434  611  20  268  592  466  577  663  510  675  347  630  24  649  918  958  56  89  945  966  848  512  929  557  883  336  546  64  353  479  175  625  113  133  138  486  601  615  680  493  64  461  124  98  765  100  427  893  633  8  543  603  863  762  789  503  667  506  490  148  784  74  66  681  124  622  217  578  
102  147  626  560  768  275  68  84  607  322  205  501  351  961  991  419  148  229  991  607  667  882  252  969  230  833  516  901  815  451  890  68  348  513  388  90  632  938  513  745  731  232  544  210  559  687  555  883  411  747  714  385  845  381  364  507  384  305  73  856  94  975  355  327  550  884  418  801  998  261  254  853  436  944  551  808  518  543  617  134  770  817  644  674  551  270  279  221  250  222  236  158  429  327  431  959  489  274  408  456  
781  81  456  491  775  639  696  107  78  99  620  825  962  123  807  148  236  593  408  148  823  276  922  604  88  750  746  378  73  197  945  980  712  481  945  832  791  545  293  903  941  34  57  376  322  268  576  197  319  755  132  396  812  351  727  412  683  80  273  722  297  595  795  71  453  777  799  575  473  922  243  73  406  477  194  822  332  90  610  432  6  551  821  48  164  131  295  980  882  954  334  507  862  166  16  134  343  398  318  526  
424  630  301  500  868  178  469  80  364  72  499  609  540  289  409  693  339  260  597  911  145  328  447  307  707  963  988  878  785  539  344  422  377  936  712  67  589  901  158  914  935  97  213  724  652  134  83  359  278  837  671  729  332  668  504  116  516  878  293  354  513  109  275  78  888  910  561  260  723  41  951  855  728  363  93  686  268  298  600  905  225  228  799  574  615  404  196  218  127  203  13  910  834  575  706  600  928  458  890  827  
572  946  686  828  324  216  703  49  47  455  835  584  895  315  322  58  166  156  446  851  845  734  601  566  520  453  826  625  845  490  599  626  387  877  102  541  919  453  622  627  721  308  8  56  389  368  371  273  838  463  309  248  805  298  997  430  215  700  445  748  684  296  998  558  339  541  923  469  580  7  591  975  326  418  91  332  910  181  752  496  97  593  330  848  800  69  717  131  891  744  313  447  465  73  593  900  274  214  858  201  
255  920  463  937  690  143  537  601  231  703  987  506  12  367  51  165  405  705  901  864  767  587  345  67  175  833  21  15  99  733  622  188  669  533  743  773  705  246  540  555  556  586  457  842  491  244  251  236  510  636  32  288  393  867  506  791  74  620  30  955  554  69  235  156  98  546  542  160  447  788  683  189  775  346  517  678  923  668  862  385  607  760  803  985  20  556  71  125  303  726  8  772  547  779  638  803  369  586  271  548  
544  572  343  292  591  435  597  90  366  660  281  847  629  346  818  278  660  377  948  610  618  139  934  86  994  442  985  685  815  531  285  103  688  51  198  332  854  641  923  720  738  680  863  371  803  703  920  212  621  942  269  465  966  751  157  830  283  975  98  927  151  992  989  572  691  492  843  216  296  864  636  365  121  498  540  785  198  633  531  429  428  120  39  799  840  166  593  246  298  709  165  405  774  428  931  399  149  307  202  749  
314  219  828  894  553  512  437  484  578  725  605  23  331  362  405  944  283  139  470  12  603  624  76  579  223  893  546  644  370  181  600  15  136  520  375  678  820  782  12  129  170  718  83  636  335  616  99  167  564  620  775  723  298  293  669  684  303  413  63  439  542  933  728  513  677  673  232  177  368  439  800  667  226  114  537  74  980  959  686  161  798  955  490  687  35  807  524  981  241  585  295  548  701  664  926  112  629  516  524  219  
695  247  554  623  848  100  82  276  286  347  976  498  350  869  225  548  946  234  979  897  394  341  292  872  235  929  654  159  926  27  319  896  863  403  815  9  357  72  11  390  993  494  367  269  128  143  185  102  547  355  232  341  934  685  890  238  653  13  685  763  433  643  917  693  546  782  180  445  831  585  928  621  426  118  639  640  655  763  997  706  386  686  406  317  839  605  359  306  365  174  374  768  396  640  994  988  790  205  37  254  
938  84  197  763  59  119  914  284  39  838  219  874  427  206  833  485  876  81  749  408  256  291  61  66  795  446  849  147  830  187  196  176  929  766  470  870  729  68  550  448  661  868  893  12  178  247  774  544  815  309  649  36  99  173  959  844  225  913  215  165  981  428  695  1  777  921  598  9  233  881  774  718  925  536  952  499  204  493  288  803  996  333  823  322  568  578  590  171  107  853  168  422  177  901  361  403  37  122  35  40  
397  203  551  994  562  216  208  795  435  805  547  625  488  708  418  575  404  246  296  218  820  549  600  234  861  913  622  227  690  125  431  895  842  733  12  9  704  879  592  665  700  139  707  711  527  336  768  454  412  388  937  766  889  239  442  158  717  237  491  804  116  966  558  522  973  396  945  391  564  832  342  303  276  530  517  201  76  451  883  795  10  688  435  107  838  437  43  148  629  508  602  67  749  185  78  278  600  563  906  688  
474  105  316  291  189  766  724  722  684  954  360  778  276  863  804  821  462  773  871  122  657  226  210  868  4  482  89  445  913  878  204  175  349  356  79  559  844  235  276  855  682  841  571  391  588  788  192  895  477  553  90  259  300  604  988  162  443  556  476  797  146  618  521  33  586  846  298  17  862  702  434  188  387  269  79  350  712  75  353  237  400  6  928  635  484  381  910  570  814  381  739  465  881  818  696  250  252  876  19  596  
477  315  265  140  826  368  529  500  130  569  669  365  931  904  676  22  364  474  59  560  282  655  802  189  929  771  722  301  768  168  956  13  511  485  237  788  820  215  701  19  872  642  119  129  793  451  203  776  376  14  383  319  219  584  420  245  141  400  805  447  249  543  386  838  598  816  770  696  404  29  911  281  829  872  747  494  854  907  433  189  996  629  871  292  196  706  31  861  219  413  156  915  676  884  801  693  232  329  69  747  
735  472  115  233  380  601  606  535  167  884  114  338  333  524  69  643  186  586  269  18  326  111  723  999  556  581  228  100  823  603  913  746  448  43  356  63  755  977  371  729  640  618  257  690  893  334  791  807  312  556  394  679  225  841  966  925  654  21  617  1  873  162  250  905  964  521  272  167  989  99  790  632  220  561  924  153  241  248  697  309  218  668  796  55  706  704  618  217  494  264  402  503  865  315  61  155  911  48  993  454  
678  619  212  495  416  116  677  939  957  437  118  553  118  702  581  8  932  495  842  608  647  361  380  658  858  513  4  701  420  2  347  414  329  902  183  571  623  881  328  220  949  866  409  358  677  494  955  238  435  10  83  846  613  557  707  999  866  241  933  339  895  932  108  661  564  215  189  296  846  674  651  248  13  705  897  401  829  984  495  739  683  294  496  111  133  81  610  856  924  830  76  424  429  763  54  990  394  851  458  865  
520  836  600  212  858  425  991  582  954  383  352  812  639  23  180  918  35  575  230  459  539  508  899  849  562  921  214  669  871  925  552  451  490  315  525  963  614  835  257  0  968  377  449  94  845  759  350  983  274  420  819  91  357  432  480  722  41  227  680  790  463  89  389  402  215  260  756  129  406  574  354  324  801  848  549  380  192  236  831  576  398  636  69  971  917  486  15  758  350  164  248  846  630  292  980  969  596  105  185  394  
575  667  110  726  604  810  41  826  924  338  381  531  964  787  392  738  559  712  538  322  758  618  633  775  0  209  658  597  492  278  114  866  899  760  346  953  387  633  689  180  629  852  515  53  376  653  847  809  311  92  975  825  893  64  512  887  393  429  730  865  932  881  841  21  367  312  9  506  170  946  824  910  399  534  94  529  861  366  152  245  513  966  153  777  614  562  841  249  221  251  208  51  128  149  235  512  760  696  415  780  
502  777  732  956  742  53  944  724  448  961  501  547  945  25  444  299  470  683  944  248  312  943  968  453  291  726  524  421  72  843  617  893  67  66  63  563  663  60  479  802  556  988  714  590  171  601  77  894  264  536  881  627  406  614  334  411  441  239  528  330  645  270  594  654  796  777  206  958  676  975  942  262  294  233  437  505  147  651  423  908  745  838  343  27  259  187  799  482  311  869  226  530  297  652  798  878  349  970  165  705  
274  899  762  766  778  566  288  50  693  962  902  714  405  431  959  781  940  939  814  558  817  629  191  233  706  241  225  703  43  528  207  792  341  404  830  163  690  837  88  805  637  299  159  244  398  744  405  398  267  9  312  19  402  633  523  395  602  666  911  974  274  145  674  855  537  580  942  124  37  491  849  84  359  361  964  173  987  341  53  633  853  193  760  292  951  974  298  941  991  34  533  158  965  15  440  138  691  729  294  371  
373  812  839  165  7  384  691  522  390  930  778  730  934  584  185  110  387  512  408  25  652  70  23  261  49  88  469  126  581  711  363  940  766  244  413  274  985  317  752  142  755  947  770  133  43  377  738  748  731  931  376  925  476  144  879  572  25  22  335  781  956  769  191  333  165  519  864  193  890  523  421  142  303  708  975  310  342  641  916  964  602  643  215  204  461  103  371  234  850  998  697  589  589  131  433  512  382  913  388  85  
716  767  576  326  286  376  69  865  932  787  989  503  365  492  849  154  346  869  446  113  959  997  862  609  98  434  834  505  20  86  829  418  92  428  52  625  955  909  546  763  578  411  840  612  775  362  986  571  967  662  812  846  861  573  731  93  872  569  608  558  891  329  375  580  558  886  326  716  106  166  840  967  458  542  778  517  437  584  205  748  496  534  322  660  215  290  228  6  868  541  838  177  560  824  197  584  815  954  224  347  
97  886  821  712  530  736  645  615  890  492  735  559  152  218  410  712  2  874  876  102  632  673  344  678  191  413  932  56  945  715  848  426  857  946  555  845  372  619  135  821  507  584  964  658  285  350  659  574  898  552  808  675  434  601  67  794  355  502  160  674  793  414  874  300  904  70  310  375  942  837  459  436  188  785  120  408  146  245  998  625  202  64  917  95  92  138  258  961  497  541  669  585  556  510  824  613  882  879  316  571  
50  18  222  472  400  147  855  445  979  811  41  966  30  29  28  672  972  399  657  671  580  751  422  625  692  559  208  651  210  743  567  693  622  901  891  84  667  979  236  165  228  605  703  753  299  925  692  825  437  565  252  967  817  600  72  118  351  542  789  792  565  514  284  538  508  914  470  173  866  139  476  780  153  78  356  293  381  250  872  999  706  663  896  838  875  348  303  525  591  254  76  328  110  526  767  461  378  374  995  551  
153  464  515  823  286  914  925  511  791  177  363  300  825  465  800  216  447  943  831  264  458  628  775  577  154  758  308  914  739  188  303  54  459  229  893  752  183  558  44  747  901  391  418  45  85  168  368  464  424  149  644  205  626  43  876  109  725  278  742  517  107  720  733  37  268  112  349  13  704  293  39  644  204  886  217  807  857  887  541  235  83  970  137  159  493  103  103  168  217  849  466  826  365  567  753  464  314  468  712  545  
13  52  146  487  320  483  291  421  939  587  954  996  988  953  787  506  766  701  698  24  333  405  36  510  439  197  519  269  790  532  811  800  755  366  608  976  372  890  462  19  950  7  203  336  790  792  478  66  272  712  307  687  883  852  232  51  340  332  116  878  902  406  319  510  764  567  373  98  461  70  780  333  486  304  148  699  213  153  662  803  681  165  757  625  551  283  113  567  472  779  155  735  334  660  43  904  549  428  197  202  
742  685  98  303  791  816  562  433  526  105  175  834  196  631  996  12  286  814  133  261  775  523  984  862  586  323  73  80  194  289  276  940  12  722  291  366  420  550  648  621  437  181  884  97  941  371  61  569  348  346  590  825  477  818  144  941  940  136  270  780  608  272  63  227  250  736  349  652  187  243  538  284  997  623  642  910  543  772  307  351  580  432  145  239  221  820  782  208  947  589  310  15  673  159  905  540  613  917  410  855  
631  397  437  657  170  276  69  308  352  654  618  296  451  431  321  923  509  35  558  165  289  535  957  501  42  938  150  539  681  883  247  706  884  128  443  193  706  120  48  679  35  222  343  961  500  626  828  714  568  334  973  677  762  170  775  730  408  140  795  67  913  199  472  193  118  607  490  640  726  519  1  244  36  415  684  198  371  645  52  119  594  406  477  783  643  457  231  418  189  897  3  553  305  13  593  913  105  702  790  81  
628  396  810  653  599  133  991  186  198  435  838  989  904  257  364  653  511  706  498  130  406  206  986  896  14  721  445  508  993  258  801  929  288  661  584  368  352  989  36  178  806  178  382  954  212  387  326  964  411  344  684  277  376  150  885  165  12  463  825  784  83  742  65  708  741  501  423  223  755  987  949  593  98  180  647  898  883  886  549  656  931  198  945  54  181  374  63  908  118  571  793  311  817  14  202  734  952  687  370  296  
276  489  800  477  132  47  535  735  953  809  191  460  506  330  620  291  27  120  164  737  528  161  289  767  424  927  70  162  517  104  670  142  559  5  361  599  144  13  176  422  714  981  679  285  293  606  122  991  717  339  528  583  495  605  660  3  420  229  859  412  918  525  96  93  320  907  850  574  867  443  559  132  778  392  634  70  375  239  919  87  902  873  311  411  967  90  392  143  225  818  516  314  34  608  449  690  459  838  721  132  
776  13  983  12  758  374  730  149  132  713  551  293  868  326  22  712  491  894  671  936  476  493  277  678  171  22  384  535  380  426  161  486  404  943  622  890  312  113  885  19  242  320  517  7  785  998  113  163  40  19  342  608  207  95  835  188  893  451  392  626  824  204  526  671  115  621  782  730  981  560  862  279  298  496  255  119  451  438  930  136  489  327  992  93  735  806  377  130  437  595  52  582  73  239  381  28  704  627  220  440  
513  892  722  187  611  5  95  171  141  602  783  59  907  788  483  698  353  597  955  778  151  522  513  351  916  400  521  145  55  92  452  504  89  963  340  700  318  923  850  774  355  92  11  815  681  935  609  91  479  657  205  520  934  323  339  521  573  850  310  754  85  518  114  543  447  433  600  69  386  230  731  261  624  603  114  176  976  916  559  252  222  93  340  346  110  756  717  160  193  769  112  90  926  571  729  288  745  521  530  500  
216  793  304  122  914  840  945  796  211  671  449  569  635  662  899  170  372  72  740  561  258  714  700  741  101  585  710  726  129  383  351  426  143  610  67  858  324  953  306  581  335  252  410  958  360  255  830  772  788  426  565  694  509  736  389  73  758  610  341  535  933  416  706  686  945  251  665  914  850  330  324  168  63  558  944  424  995  228  626  461  361  407  769  149  831  256  799  896  263  243  418  751  935  759  383  418  778  641  838  245  
392  470  696  480  560  867  933  50  190  786  266  569  120  452  303  665  298  341  823  383  825  120  928  600  5  728  51  379  191  265  589  159  762  657  836  442  86  294  982  376  751  612  906  972  292  955  794  446  196  739  736  617  979  237  205  871  401  576  16  188  308  997  508  28  404  519  707  722  84  882  542  910  544  983  446  865  658  921  813  776  543  911  702  515  734  126  947  977  105  755  693  138  284  962  189  384  946  389  25  683  
702  925  531  616  759  758  195  493  917  490  141  764  889  868  589  33  105  671  831  425  216  395  803  9  987  308  925  704  576  383  459  18  178  73  495  298  735  685  228  132  602  874  110  684  724  719  714  798  86  724  820  171  265  238  296  92  710  527  792  591  658  504  299  123  113  923  583  961  788  585  973  801  412  357  707  862  294  371  192  735  465  9  584  731  658  832  574  96  289  582  241  816  948  708  191  25  89  335  343  248  
257  957  67  401  264  702  466  333  785  421  443  56  743  121  965  173  134  644  804  681  959  119  613  817  514  232  219  57  534  985  786  674  196  950  505  279  186  443  237  213  787  423  80  188  523  634  632  38  193  926  107  338  789  756  632  693  368  695  994  447  203  357  134  645  336  919  235  168  37  406  737  794  495  296  945  592  18  422  413  504  950  731  617  608  918  891  286  793  226  117  272  638  461  95  621  741  881  701  749  384  
245  829  401  232  888  225  412  992  728  322  287  305  547  422  937  527  783  398  691  375  501  543  513  475  111  315  524  956  506  954  540  379  975  466  11  780  532  105  309  551  472  786  771  404  507  300  103  114  723  731  466  861  715  744  153  2  494  628  318  159  961  277  243  388  999  882  201  256  526  433  159  466  358  330  125  381  130  776  144  206  591  676  80  285  97  941  45  478  781  16  505  443  929  607  14  616  888  329  112  658  
82  911  405  908  159  390  617  160  892  830  303  807  798  806  833  861  244  321  848  124  777  57  287  803  254  830  650  202  502  675  388  653  603  262  190  331  399  394  187  145  229  851  752  192  941  589  753  280  70  97  183  671  917  772  861  603  908  22  458  95  503  52  17  381  743  467  979  713  17  818  926  181  329  514  671  998  528  485  764  586  188  472  196  237  942  822  727  831  191  2  354  819  916  664  522  974  609  153  530  226  
154  938  272  327  308  696  577  189  209  114  373  736  643  810  725  464  600  665  905  915  563  422  62  145  324  315  588  85  653  693  166  307  637  85  643  274  690  16  497  768  655  703  265  372  701  52  93  340  726  210  174  667  60  623  891  255  40  985  627  540  247  994  35  920  351  841  795  60  679  174  859  780  276  906  356  236  896  161  393  118  60  997  107  804  638  208  20  966  327  589  763  545  459  52  574  989  363  264  46  65  
271  327  228  180  652  357  529  899  62  821  940  962  439  462  236  353  158  501  661  701  946  141  776  823  813  960  818  133  582  288  430  531  974  270  639  574  645  326  526  781  389  869  26  868  315  33  717  158  294  371  970  990  696  923  869  842  729  209  107  757  355  35  681  799  665  0  8  707  480  495  933  790  55  677  959  791  59  657  370  991  443  470  240  405  579  532  159  94  115  211  342  792  175  654  784  818  290  728  507  722  
11  909  331  890  938  159  120  752  948  516  214  224  385  768  546  168  527  989  282  695  343  763  629  147  805  725  306  775  470  290  885  733  834  645  708  645  552  498  119  850  521  164  734  165  220  584  620  57  25  784  961  394  970  965  782  274  218  476  754  546  241  995  809  241  912  569  563  748  711  183  739  258  679  103  750  899  841  7  883  988  260  690  810  658  430  547  669  161  770  743  299  727  696  750  523  450  786  70  934  170  
770  612  93  68  393  943  497  676  26  587  938  967  829  575  791  650  592  956  244  75  904  866  138  314  173  336  216  947  635  999  159  131  533  172  691  579  972  537  429  742  300  895  45  460  800  738  45  216  636  129  201  213  24  88  75  135  533  900  827  185  96  570  627  619  915  764  480  573  883  113  164  780  76  104  297  799  144  553  192  824  678  688  591  394  375  951  817  523  93  894  864  303  468  946  797  670  98  631  560  835  
371  315  275  554  132  153  712  950  65  383  403  276  131  933  827  591  961  721  722  385  991  403  531  122  732  730  907  568  29  402  408  732  39  899  406  636  330  871  560  523  569  343  492  497  805  130  839  872  897  228  488  572  761  391  993  942  195  728  415  254  400  608  355  154  988  93  632  455  544  37  77  882  697  455  61  620  105  974  729  288  268  434  248  594  141  804  709  454  62  374  910  722  399  469  581  330  45  909  863  542  
412  695  465  609  423  929  787  200  852  378  221  940  525  360  366  623  337  544  907  927  929  146  332  930  582  878  714  15  15  63  365  692  368  522  706  458  671  738  465  625  304  100  493  224  761  98  629  253  927  287  775  981  495  750  428  209  281  927  943  486  430  550  503  791  258  977  179  569  468  191  725  523  171  584  695  847  803  468  450  857  757  116  494  100  964  479  996  19  483  874  87  915  389  240  376  138  700  513  913  227  
291  674  801  898  999  496  662  550  776  122  345  928  589  179  227  383  845  457  702  621  842  309  718  545  240  951  246  385  156  733  886  868  943  760  554  914  426  35  783  481  667  48  998  125  501  41  715  922  254  752  583  137  858  100  761  69  68  72  987  33  213  89  552  288  573  12  28  464  638  210  196  515  233  58  493  668  352  593  472  995  506  160  234  77  245  129  82  227  485  143  148  828  514  290  579  394  521  732  491  326  
401  667  363  809  501  731  17  377  89  296  240  948  622  724  565  652  960  291  512  14  582  497  277  248  265  243  105  975  709  643  354  282  702  778  208  127  204  993  495  944  558  400  686  962  525  282  410  849  279  907  788  339  428  752  201  248  781  601  112  842  816  405  886  831  904  970  277  992  274  494  859  782  434  616  415  80  523  277  486  67  126  247  812  542  834  368  990  560  746  7  355  993  36  421  323  850  821  223  184  193  
450  632  857  229  241  698  878  131  766  248  77  787  457  339  11  106  205  407  694  372  740  594  471  661  517  400  421  37  752  614  300  590  768  425  893  691  159  482  831  679  679  816  299  6  540  170  357  308  768  48  998  736  6  308  998  877  208  875  999  301  572  914  605  626  457  510  530  299  191  660  510  327  461  762  747  873  588  672  446  760  888  967  130  473  550  68  54  611  17  936  95  287  255  239  568  498  249  867  973  929  
719  365  648  944  361  656  74  126  747  370  43  353  0  7  437  281  471  979  91  892  811  44  879  486  604  922  640  138  211  604  194  505  594  777  447  533  82  55  652  883  630  235  335  932  333  990  820  222  221  631  359  291  419  179  651  254  327  207  729  333  107  365  237  175  548  482  106  436  906  131  461  923  74  79  727  180  10  886  291  755  860  28  240  485  948  233  305  891  660  224  288  776  54  962  561  496  921  639  402  231  
533  808  64  899  449  635  677  774  476  244  278  164  176  957  497  710  402  930  748  849  30  259  839  542  112  519  395  543  109  217  373  98  64  154  867  469  136  635  967  158  655  628  705  582  861  230  174  250  675  858  855  540  643  476  549  205  580  895  775  903  92  886  54  459  439  164  640  654  196  521  192  936  542  954  279  931  495  948  700  396  240  508  735  161  678  46  395  671  527  568  353  374  162  162  417  195  805  212  852  339  
735  164  613  127  773  306  741  8  586  226  406  496  824  782  871  99  651  333  94  952  668  140  485  0  548  527  619  329  510  829  450  175  887  605  305  448  921  776  135  650  419  116  960  900  948  962  117  78  798  70  107  181  128  721  86  999  940  900  791  807  375  98  968  638  126  946  832  158  878  192  169  980  364  527  975  506  147  342  379  942  915  164  910  274  255  817  473  208  639  466  497  858  420  256  504  188  962  894  574  823  
855  278  527  394  946  687  117  863  775  76  158  695  758  276  945  11  963  153  674  408  937  927  29  350  40  676  791  637  798  222  408  396  289  349  748  624  369  902  48  870  132  689  554  141  68  81  138  467  843  709  909  938  710  943  72  62  231  520  9  102  981  245  856  172  487  387  709  243  333  387  916  860  119  753  459  877  207  119  492  159  81  921  357  778  675  613  205  487  263  785  641  33  213  24  949  753  997  882  190  245  
947  151  379  213  267  864  644  601  204  643  899  18  745  513  95  860  426  181  72  260  449  491  365  780  713  66  24  184  73  343  467  372  757  376  971  236  661  906  442  135  519  792  924  65  112  433  152  732  496  587  798  234  916  242  919  762  468  567  415  812  332  703  567  99  64  609  375  118  865  555  321  570  972  602  314  744  474  180  897  918  26  5  953  293  329  713  604  695  356  44  133  306  805  676  735  238  281  271  652  719  
346  663  405  310  528  766  729  490  642  832  265  575  562  644  183  345  47  862  463  671  156  556  150  350  885  547  503  97  458  509  549  618  372  289  186  8  461  376  789  948  452  751  722  194  774  422  84  705  752  468  150  286  160  380  671  900  899  384  491  488  161  192  870  596  629  671  179  626  920  83  507  194  501  55  649  194  584  134  275  474  152  638  419  273  195  751  475  415  761  439  350  111  560  307  3  592  318  723  181  866  
166  187  222  904  233  818  362  325  94  601  543  135  708  169  547  235  299  633  310  651  947  627  846  27  173  610  785  636  101  539  356  602  313  420  626  753  611  629  889  359  882  802  479  909  175  938  954  535  579  391  356  78  326  250  261  911  874  514  298  842  630  361  332  688  54  844  756  833  440  828  802  610  786  37  652  976  590  259  931  291  543  836  626  554  774  87  112  343  797  630  125  846  156  666  424  527  122  676  847  470  
267  907  928  443  592  303  572  451  957  449  116  107  323  589  67  988  878  565  186  879  320  851  227  957  628  666  926  308  895  410  271  754  49  782  992  839  98  708  778  235  967  776  639  81  547  461  267  791  610  937  369  507  73  900  418  979  81  157  168  601  699  97  392  257  637  393  782  721  602  918  482  964  352  964  617  690  979  688  383  184  735  360  719  535  195  253  445  516  56  255  834  324  368  566  799  393  564  8  781  629  
6  4  689  777  989  665  557  755  287  707  257  835  241  276  409  920  257  475  80  947  957  124  978  175  140  980  751  76  634  502  739  391  641  247  634  895  858  851  865  983  931  74  824  291  915  874  731  321  985  849  832  829  547  536  466  976  402  695  948  558  177  977  106  83  463  765  705  658  586  637  855  674  644  55  341  917  186  270  73  837  502  908  471  317  574  422  784  130  597  740  35  341  936  11  951  398  275  985  203  485  
258  493  980  984  620  352  214  805  401  340  278  994  156  551  483  665  291  372  613  97  459  126  550  475  305  666  502  594  259  40  354  781  509  949  156  181  248  617  54  950  781  816  367  292  391  175  216  498  805  244  480  938  151  434  787  836  336  584  106  805  938  909  340  166  424  811  891  757  956  397  857  701  457  973  64  653  434  742  9  63  217  603  228  511  516  691  38  382  34  490  177  738  396  941  461  467  590  329  740  53  
244  808  595  765  538  105  389  794  387  51  82  650  643  862  36  454  56  950  634  595  883  564  901  269  693  715  311  761  84  412  284  512  485  647  513  956  203  62  521  544  125  399  695  288  134  831  93  457  6  142  490  991  782  786  235  138  65  579  272  692  21  392  655  562  313  45  430  972  585  106  857  730  252  457  68  564  559  451  99  622  90  351  853  391  104  512  422  589  84  938  779  839  798  937  825  887  621  974  159  33  
919  247  506  908  572  66  518  523  897  462  481  520  376  534  724  967  916  90  332  299  250  803  373  663  435  635  37  99  310  831  630  256  74  419  565  882  313  712  168  585  904  716  277  980  212  598  205  43  326  228  967  767  135  563  825  144  255  146  873  266  934  515  433  117  37  136  849  80  351  926  7  242  266  320  241  172  210  875  515  502  588  865  372  884  479  845  43  645  246  730  639  601  707  167  651  68  333  523  88  58  
706  649  333  369  392  480  570  238  902  418  34  485  375  815  135  320  318  61  407  531  421  622  692  834  855  710  521  832  622  296  176  341  94  124  904  426  545  519  388  636  612  574  215  971  830  424  987  431  360  992  881  358  376  396  787  107  816  981  502  558  691  51  3  388  176  156  651  627  542  840  770  316  184  796  213  838  418  417  118  931  25  345  206  465  258  446  530  7  248  255  534  705  945  807  629  603  970  307  267  822  
374  888  962  145  94  967  448  743  914  239  114  153  101  765  809  329  63  57  979  10  645  656  341  678  267  618  532  470  81  352  195  768  819  228  182  48  194  76  125  253  488  628  732  470  121  111  263  185  804  130  355  424  185  21  104  953  973  727  218  433  329  661  7  572  785  734  91  979  952  646  550  194  272  165  239  429  815  243  403  414  5  355  14  734  650  233  529  894  325  977  588  144  782  958  19  759  253  147  380  735  
732  569  433  675  447  582  177  874  180  670  937  676  365  297  167  502  987  481  999  768  588  758  422  216  605  143  52  349  226  87  727  361  810  50  498  859  680  43  860  129  972  291  421  623  401  568  819  270  823  816  347  508  72  264  428  875  416  405  133  889  813  598  518  332  190  188  539  47  744  247  189  54  868  879  779  658  364  204  151  953  636  802  539  389  189  300  249  351  244  532  826  872  442  580  942  156  581  732  818  163  
3  448  200  277  886  949  432  274  267  952  60  163  565  300  218  552  246  974  386  935  454  270  79  270  204  100  259  525  801  877  170  547  204  49  977  835  408  442  671  434  761  946  217  104  885  449  740  161  32  946  779  887  968  185  881  102  560  524  24  699  239  67  288  394  904  5  195  507  932  776  349  831  307  45  729  389  538  198  606  995  199  444  656  667  360  913  731  309  649  943  499  91  627  363  70  373  546  922  251  96  
79  606  108  301  789  452  631  948  143  454  555  668  70  888  693  304  344  969  441  639  611  720  6  671  90  992  370  719  766  426  389  648  502  533  578  296  993  469  632  459  128  949  63  989  785  650  85  200  974  789  288  447  923  916  886  101  934  527  416  805  114  818  285  535  516  996  866  627  726  514  24  693  161  784  726  429  461  405  933  561  460  842  379  794  741  952  638  696  237  947  850  467  879  238  334  959  812  940  497  562  
374  416  570  14  822  218  5  662  93  807  241  126  584  211  302  395  964  558  12  452  761  920  566  468  812  290  174  981  724  187  170  139  221  251  196  226  691  496  79  212  830  746  821  707  676  957  469  112  493  619  690  93  616  731  335  189  530  706  71  126  678  828  961  936  272  927  184  269  28  325  176  245  748  700  276  444  894  483  501  402  19  651  109  8  412  607  770  210  64  114  957  989  208  308  826  14  651  728  419  492  
757  333  85  443  362  87  779  510  825  313  545  912  955  466  745  599  643  921  9  6  311  86  54  838  445  486  714  312  921  898  360  377  450  829  600  282  221  104  574  771  272  540  989  76  193  236  713  488  263  564  682  894  166  993  765  269  168  847  924  155  743  833  893  890  23  944  568  96  880  235  737  833  81  496  630  395  464  980  83  998  662  660  129  86  799  905  349  798  287  634  428  627  984  832  260  346  968  323  334  287  
903  292  496  51  135  855  247  9  660  48  185  789  315  46  248  753  478  472  811  510  741  371  734  403  225  125  282  69  649  657  616  931  656  711  270  93  398  799  212  601  626  298  600  369  529  494  781  332  680  564  786  583  614  831  119  400  365  730  547  223  895  895  777  474  244  336  976  883  129  660  97  832  93  0  604  158  230  54  451  707  953  703  368  991  78  513  938  878  329  837  346  853  540  223  53  862  834  91  826  217  
142  681  611  41  850  188  752  137  533  980  670  225  204  382  743  425  896  93  476  416  816  664  533  193  677  152  304  539  403  675  616  228  936  618  589  73  701  739  761  932  713  284  203  891  93  589  828  521  114  216  55  235  503  544  358  857  206  827  767  62  358  502  101  518  411  227  963  540  545  665  171  197  800  113  997  92  129  616  659  187  951  366  449  147  753  433  346  344  276  455  813  275  101  654  159  797  979  874  138  277  
123  10  826  183  725  119  440  450  420  27  960  523  419  137  493  611  147  399  501  538  601  893  119  462  460  89  736  828  788  968  580  930  766  562  674  790  396  995  657  367  113  794  694  438  130  16  704  848  448  78  490  827  802  763  711  466  912  913  237  231  754  659  935  388  55  685  622  334  329  648  130  535  141  169  739  207  840  476  804  165  93  922  463  95  268  268  91  28  820  443  457  898  241  222  647  826  297  263  643  508  
848  842  410  791  131  851  129  489  241  131  735  512  430  951  542  803  961  397  398  32  477  99  786  370  365  702  806  46  912  652  5  986  437  238  82  331  496  950  780  530  417  553  205  611  870  704  11  585  831  265  413  785  639  133  714  361  946  142  754  149  474  95  624  230  180  136  255  95  575  940  490  406  212  840  792  490  681  51  180  831  568  61  435  804  733  733  318  957  972  419  255  146  577  318  376  355  833  322  238  878  
661  714  405  31  375  111  710  354  468  434  411  0  322  964  404  924  507  15  289  305  64  775  535  314  737  707  584  717  152  35  667  373  21  741  426  402  76  487  466  623  275  387  62  936  815  426  492  30  239  94  753  33  208  497  792  313  343  379  581  568  333  852  16  511  212  679  429  132  96  14  481  77  561  776  879  260  661  428  456  294  954  344  56  57  441  691  909  986  278  707  923  73  524  171  139  49  37  149  10  88  
623  368  549  279  803  22  138  174  671  981  642  792  586  672  571  462  447  857  698  930  435  93  142  282  97  611  663  975  445  379  868  34  886  432  76  290  908  753  765  764  640  481  409  687  307  97  766  882  455  511  596  93  769  734  505  993  824  537  712  861  424  61  193  798  103  434  394  713  73  613  482  816  910  789  542  624  552  704  173  203  51  114  990  790  429  922  497  153  502  88  771  630  481  846  499  256  287  355  89  34  
45  622  542  560  340  509  559  854  654  665  683  700  648  422  892  754  187  924  714  982  85  693  587  863  716  884  119  196  51  614  591  286  421  392  541  503  637  460  543  110  680  921  149  961  811  717  650  949  942  930  944  628  442  667  572  35  350  402  384  647  149  959  55  372  164  78  163  722  935  646  154  972  475  58  903  550  990  117  301  770  67  695  791  959  377  534  114  831  379  795  868  436  570  579  805  646  287  710  547  251  
661  839  997  627  962  961  173  335  15  234  368  902  285  662  650  595  863  27  218  391  574  892  965  750  879  653  22  209  33  786  867  631  883  404  987  72  538  657  995  432  744  487  839  77  448  493  766  893  134  325  703  38  188  130  592  43  638  594  741  768  295  312  837  315  373  753  600  111  543  824  740  942  423  960  999  266  626  358  991  296  995  457  845  241  480  663  112  47  93  557  46  904  292  986  365  650  959  801  304  739  
4  953  309  60  198  850  843  354  956  350  737  752  507  698  521  996  711  872  731  556  447  811  686  909  949  701  81  544  949  464  168  386  573  175  234  390  99  384  831  72  413  602  519  849  64  429  790  146  900  969  283  87  175  22  64  970  606  85  531  465  971  43  227  421  87  232  743  464  360  351  392  66  622  164  102  903  160  748  632  888  52  350  621  765  643  237  656  285  2  238  137  305  461  53  453  347  798  318  495  574  
619  322  408  34  62  417  826  286  941  86  475  450  314  475  805  265  213  993  674  215  430  36  996  933  511  538  891  190  749  22  519  164  511  373  997  188  790  68  887  187  805  268  876  547  267  364  591  695  203  617  227  87  269  571  803  959  253  295  447  818  824  325  467  831  727  853  82  253  965  739  505  313  786  996  46  832  74  84  614  123  736  406  541  207  987  159  721  309  603  407  392  933  829  261  831  121  481  462  852  17  
61  841  43  492  170  18  421  413  820  465  743  913  32  110  335  339  469  20  849  778  469  863  375  561  589  131  479  408  368  338  14  724  594  690  314  104  768  113  134  957  77  373  550  598  62  316  594  649  567  397  472  210  983  666  642  938  854  427  390  263  920  559  988  833  721  561  186  57  359  373  579  277  935  686  471  388  824  405  748  147  572  888  538  73  661  84  468  598  508  248  769  738  164  121  138  509  686  571  375  595  
989  699  427  793  105  894  326  505  681  772  304  613  969  263  162  76  403  858  897  966  466  664  652  614  98  163  405  827  276  725  540  818  645  886  183  180  229  162  526  976  85  982  634  613  753  151  830  405  494  968  189  809  709  630  299  141  573  369  104  64  167  265  919  163  275  522  445  139  976  374  52  309  960  470  63  445  329  860  152  898  960  824  85  657  937  853  785  461  817  976  351  296  236  140  498  593  354  348  111  866  
477  982  300  988  110  528  858  25  973  763  789  182  822  80  724  379  8  499  100  569  298  715  599  951  575  346  898  624  624  847  284  772  760  902  274  729  699  561  231  519  687  765  465  157  813  100  215  963  417  906  422  141  164  182  979  40  531  511  978  540  784  824  661  966  478  634  721  25  995  548  130  192  758  457  607  635  575  103  784  156  374  207  556  725  915  862  575  919  749  415  208  849  470  450  384  92  163  653  726  391  
834  670  96  971  396  522  268  133  281  861  469  899  99  958  561  85  59  94  799  26  176  158  166  876  318  650  136  169  946  381  357  606  276  546  668  858  901  588  836  709  248  587  625  739  21  428  227  801  56  347  400  915  73  391  233  943  420  603  281  442  752  901  194  548  645  876  42  226  454  347  211  17  798  204  793  802  824  843  628  190  486  136  813  671  155  480  749  512  812  937  744  282  600  128  489  180  521  401  983  159  
771  50  533  99  129  924  976  202  351  535  417  367  913  730  498  225  107  907  133  626  874  97  904  46  975  507  741  971  988  316  686  956  39  38  373  289  531  152  570  439  118  158  14  984  510  668  787  326  212  502  830  537  834  638  421  338  824  731  147  283  202  898  307  862  830  588  73  319  858  988  171  54  978  387  62  165  599  122  437  658  187  779  620  585  296  108  612  986  512  522  743  434  88  638  218  136  478  382  891  63  
753  227  920  555  39  513  958  410  737  553  915  440  19  751  347  494  280  688  735  313  291  685  549  667  296  52  152  760  480  361  63  966  419  329  19  905  736  62  474  643  472  260  634  869  289  686  423  741  118  750  148  68  356  440  648  74  887  73  16  775  490  713  971  985  46  866  611  454  570  476  510  285  401  695  268  757  681  740  691  225  735  841  999  518  143  855  605  43  89  928  430  620  752  962  41  915  637  475  57  787  
