

Matriz a(Execução Sequencial)

641  463  898  121  209  217  254  78  816  642  894  773  888  951  696  769  141  897  508  689  266  212  435  429  786  537  464  490  562  332  479  456  352  32  457  304  719  149  545  763  211  52  558  462  171  385  509  434  272  927  467  407  560  922  772  17  583  694  667  19  347  749  166  343  915  285  12  991  91  447  790  654  878  604  152  296  521  250  515  152  408  996  896  184  903  240  354  547  343  42  865  199  19  774  487  406  966  867  416  67  
363  779  259  393  407  334  127  311  919  366  396  80  826  989  56  951  435  538  178  104  686  27  614  18  788  956  509  408  605  438  161  335  96  891  778  393  250  334  544  632  537  375  405  766  907  940  350  985  8  523  734  756  848  843  831  72  259  731  446  51  212  74  297  607  545  958  160  658  169  408  678  909  922  484  266  966  670  838  526  497  801  448  363  947  370  824  191  942  531  518  884  969  351  532  14  903  704  750  225  608  
226  288  677  204  247  959  423  43  143  751  853  418  283  116  157  97  654  237  619  32  634  202  205  638  163  678  340  332  161  471  345  502  951  10  626  425  203  156  32  483  186  852  390  203  801  180  720  65  450  861  965  360  753  394  723  360  842  101  22  672  898  902  404  697  526  315  64  798  555  960  57  336  723  991  942  221  57  995  552  656  185  334  188  524  967  267  315  274  442  870  720  122  45  199  814  557  682  797  804  905  
211  335  645  430  390  877  48  958  428  822  681  42  535  603  306  959  246  872  530  271  518  59  783  427  374  61  707  550  847  789  961  445  78  812  666  979  112  227  656  377  369  768  695  931  72  112  859  261  427  550  826  644  154  617  446  553  155  556  366  296  593  991  931  215  793  867  523  185  796  35  779  619  650  894  965  710  441  745  555  683  161  544  303  165  371  813  394  847  902  609  357  206  453  424  471  817  992  642  131  846  
605  475  645  814  140  355  145  928  148  593  119  163  309  523  503  717  667  721  502  497  923  552  834  909  149  594  296  585  455  714  119  708  242  853  72  456  210  244  389  989  759  334  699  244  835  363  397  489  8  483  350  268  167  876  443  433  143  226  155  235  737  297  355  879  556  255  586  660  545  933  446  409  237  651  162  271  30  611  157  942  68  357  215  43  326  810  858  526  590  501  699  81  210  595  476  237  880  835  679  335  
525  577  344  416  42  676  248  730  651  847  762  925  741  549  716  946  372  149  156  863  22  373  956  585  576  635  852  176  282  207  178  60  953  84  776  517  730  901  626  568  678  852  626  117  14  718  818  861  460  98  293  913  35  536  659  566  613  566  967  773  183  125  287  871  362  579  136  229  305  738  139  589  338  966  871  121  476  187  260  289  379  772  241  984  346  808  635  749  941  719  67  344  658  267  323  420  420  218  613  140  
20  975  143  958  996  184  278  420  65  562  158  545  733  472  52  280  909  395  185  456  134  843  27  653  751  900  233  136  211  92  226  302  981  936  443  413  768  166  12  467  506  150  685  297  245  97  466  621  762  939  984  805  354  398  739  407  306  108  645  942  858  245  621  366  322  649  258  728  1  389  235  450  764  794  564  502  208  388  151  746  516  910  860  104  421  370  422  739  439  502  756  458  133  483  105  937  894  606  737  803  
668  673  864  956  50  572  648  971  305  237  246  284  631  247  970  579  349  918  98  693  603  840  858  336  2  823  145  668  397  236  963  945  789  93  983  375  392  487  548  580  381  671  317  375  287  761  325  372  340  300  393  697  752  421  241  373  611  807  707  272  739  613  748  974  951  158  619  133  514  975  869  925  360  302  886  183  144  618  778  262  574  568  48  858  756  689  448  996  404  855  561  292  309  238  977  30  31  239  74  563  
572  280  381  323  54  39  158  64  239  917  652  605  921  87  163  190  146  192  888  121  627  715  808  66  941  51  30  389  897  157  903  124  147  357  859  977  642  38  434  509  470  838  240  950  134  341  551  655  630  758  519  721  930  965  949  511  801  217  109  744  256  315  973  846  497  932  680  771  521  606  4  451  987  520  649  268  172  205  957  34  484  494  185  71  333  316  514  407  252  682  300  898  9  158  898  419  132  208  322  526  
934  715  745  750  697  281  939  627  269  284  620  778  648  174  656  175  218  66  324  838  642  971  823  943  224  250  168  272  767  845  565  356  622  635  245  281  732  212  595  200  150  413  223  925  871  401  51  278  202  379  231  440  431  105  185  244  80  602  796  425  766  887  60  371  605  759  812  618  97  285  116  933  819  284  186  757  796  147  291  734  708  60  726  504  175  934  662  28  974  514  306  306  30  194  899  359  166  213  593  547  
154  432  890  264  591  887  176  359  42  73  838  845  274  968  687  243  23  719  83  27  109  847  102  70  137  402  375  570  902  761  2  889  357  721  354  325  487  359  671  679  343  933  336  767  929  588  685  501  490  121  995  414  730  141  20  994  405  164  443  386  449  726  362  616  164  916  264  246  918  371  961  592  615  996  947  958  837  52  675  34  563  726  731  336  249  535  608  426  308  674  971  427  867  225  564  395  557  837  366  313  
962  557  916  960  380  602  782  304  345  147  775  533  792  348  613  381  774  353  590  50  948  369  860  7  743  758  837  551  979  288  130  618  644  833  962  385  595  507  2  64  498  838  243  219  532  206  248  233  956  136  522  5  936  781  834  524  449  815  338  745  578  305  984  451  523  68  992  784  657  891  509  851  115  120  908  880  700  767  710  552  520  520  55  489  140  154  695  701  807  795  37  122  47  212  739  554  145  33  434  784  
217  95  939  83  578  93  262  424  922  349  875  511  293  844  915  96  277  405  186  542  195  572  139  489  716  941  287  98  283  661  948  103  295  257  302  582  176  315  477  878  196  202  243  274  920  89  832  887  285  600  260  20  201  846  608  889  647  273  1  287  52  468  642  991  623  206  61  767  172  307  853  16  236  364  139  763  725  538  380  473  274  896  659  114  591  982  648  965  99  578  68  582  209  913  744  957  509  434  185  219  
120  172  298  608  96  158  335  616  16  476  817  548  471  938  378  364  455  728  111  738  644  597  461  890  390  352  369  725  469  322  952  677  961  239  720  715  123  884  825  308  188  610  948  138  392  544  726  758  925  727  208  396  830  902  375  735  655  870  931  243  788  616  374  161  802  179  451  900  74  33  680  227  157  881  825  528  145  31  802  613  719  207  393  854  205  858  6  801  143  335  288  154  141  938  358  475  97  145  750  889  
439  931  909  626  1  996  924  682  230  876  339  732  759  221  597  797  934  563  855  989  90  406  654  503  91  650  324  184  47  496  287  796  351  253  598  515  34  592  465  683  251  433  484  79  57  5  991  670  435  182  605  494  30  471  479  902  820  462  269  675  947  970  232  338  223  619  407  573  229  880  35  145  237  284  185  971  602  538  700  554  730  776  533  624  925  704  152  635  556  336  860  992  375  603  742  431  258  65  979  969  
125  681  752  870  575  815  815  19  222  873  737  8  918  811  898  120  436  410  677  689  293  78  573  108  696  928  870  414  884  939  134  989  951  959  331  783  741  672  505  115  625  125  352  667  195  661  568  153  358  492  402  446  220  42  453  497  937  805  634  669  337  733  260  276  255  429  863  815  755  17  20  351  822  67  686  326  469  648  756  999  8  727  787  516  134  410  376  494  263  285  231  686  237  227  82  978  912  503  858  876  
485  144  227  388  506  846  295  686  105  674  505  686  614  2  980  184  502  585  176  196  70  940  625  110  133  217  92  4  407  251  926  144  159  952  274  53  273  251  791  863  265  389  996  499  819  695  729  237  576  562  227  441  489  815  292  177  628  131  597  748  264  210  440  24  894  125  254  390  502  989  138  732  91  7  24  385  84  730  582  273  96  19  749  567  53  362  867  954  477  245  841  8  566  946  836  368  21  770  274  700  
86  793  411  819  418  194  522  940  845  200  238  462  394  367  105  189  174  240  948  502  86  307  981  124  630  791  830  595  783  925  371  154  940  667  384  126  442  12  196  817  33  460  63  369  387  642  371  276  783  638  385  777  394  57  484  827  4  748  986  847  834  649  476  332  645  550  107  922  167  696  805  354  541  579  947  710  133  191  168  378  733  31  144  751  334  155  498  97  83  590  956  30  746  394  818  758  757  702  674  410  
741  17  62  525  157  665  79  272  62  604  947  858  764  944  187  276  268  358  884  370  592  688  552  549  321  427  191  173  136  984  327  540  41  789  558  566  92  9  191  76  169  604  433  24  471  612  504  275  58  44  805  218  735  407  953  519  332  306  258  860  113  912  343  218  141  519  878  512  223  295  63  46  698  499  389  985  251  536  233  513  162  642  154  86  267  990  45  834  648  922  652  79  621  313  430  17  575  579  36  126  
329  624  675  922  517  525  483  112  300  639  339  802  90  221  478  681  833  530  590  840  24  783  883  891  807  407  80  469  178  340  403  327  456  656  631  924  254  390  720  921  421  726  906  490  221  863  926  776  220  150  777  742  216  685  635  619  260  24  89  610  890  528  536  460  750  978  807  767  314  954  23  688  651  81  754  165  215  157  565  829  234  439  715  800  884  208  615  355  720  813  253  707  923  834  974  27  591  779  327  785  
892  869  445  482  690  826  327  270  573  932  663  94  837  97  886  954  112  844  995  751  510  85  248  701  642  638  578  791  144  38  834  988  151  243  469  338  261  320  124  418  113  694  289  118  913  367  911  951  592  173  268  204  348  337  910  772  513  864  375  148  493  8  614  588  825  24  939  500  1  5  591  21  737  673  222  322  299  909  970  548  961  95  469  437  163  528  642  860  70  476  817  999  258  820  653  55  382  112  676  101  
553  357  786  154  456  855  482  453  671  176  123  213  742  927  634  662  474  811  522  369  236  702  677  539  386  959  149  791  320  671  587  960  379  942  443  967  410  686  690  451  169  100  350  494  611  903  976  787  187  593  584  286  423  122  814  428  890  156  120  650  980  338  5  769  416  793  580  150  859  112  114  264  172  636  134  707  44  732  179  721  530  940  753  912  883  964  936  991  941  984  187  193  183  683  701  44  983  324  562  604  
399  179  12  833  405  101  121  527  861  74  61  203  365  896  362  579  588  24  416  918  24  206  738  19  676  647  815  982  242  555  418  389  562  729  431  376  359  234  961  903  338  901  237  493  742  570  493  810  311  739  914  711  687  843  441  475  823  450  480  746  190  273  950  828  289  360  764  444  471  832  588  167  216  842  964  940  425  877  143  475  935  527  0  382  110  107  148  28  636  825  819  996  639  651  707  999  319  315  185  670  
137  978  620  282  329  219  944  235  308  654  36  248  967  753  241  837  920  401  199  627  215  502  701  681  528  308  740  328  440  446  193  596  184  549  550  478  787  501  476  478  617  257  903  790  173  141  30  826  362  897  821  580  68  542  697  364  590  425  335  100  376  116  137  249  906  332  230  13  825  205  149  466  76  457  590  345  277  567  669  264  935  472  468  314  192  622  963  577  172  653  415  478  531  819  580  729  936  348  856  796  
983  21  598  321  435  362  156  516  969  604  826  532  220  50  598  251  438  936  568  60  991  429  975  508  597  214  159  801  361  136  368  79  593  475  628  873  256  986  100  653  990  382  63  40  821  642  217  721  585  994  796  618  467  676  789  616  443  217  693  708  831  485  162  481  828  617  922  726  895  890  348  54  977  674  299  418  69  221  95  537  295  206  137  454  99  967  243  463  383  992  266  534  559  422  994  432  835  957  116  258  
502  672  110  196  157  885  711  430  161  990  693  255  932  314  725  52  836  426  399  813  215  175  323  379  972  352  660  710  121  369  407  379  383  632  175  778  38  609  841  46  981  898  415  254  858  128  44  256  74  736  475  805  502  690  436  600  243  215  867  56  452  539  350  260  510  685  116  494  536  348  661  720  652  436  785  347  846  942  673  63  185  485  964  621  160  220  327  48  424  30  773  697  695  381  886  418  984  948  399  98  
631  248  885  695  259  793  87  314  421  366  128  556  956  78  62  527  890  219  978  79  678  113  820  831  998  461  330  183  985  24  13  723  391  651  448  168  278  884  573  799  258  486  30  556  335  983  597  912  238  851  929  210  434  677  597  428  990  926  478  761  685  614  625  845  245  255  23  653  896  794  247  6  169  625  606  57  144  675  53  531  362  486  422  3  912  270  532  829  233  435  15  788  999  122  865  324  843  442  904  684  
158  390  512  50  198  298  933  793  849  439  497  910  105  657  936  145  811  671  422  942  189  18  104  714  356  934  416  859  359  975  39  769  700  997  102  592  597  375  509  527  791  510  15  251  126  616  360  333  24  445  333  2  189  566  638  697  135  353  178  575  428  97  63  438  901  595  107  996  915  67  925  768  45  780  634  207  664  423  516  885  267  59  453  999  917  851  132  772  238  949  186  556  287  958  500  505  630  483  941  362  
962  482  743  271  808  31  461  990  80  218  912  100  215  974  556  303  497  589  815  16  378  462  245  326  978  297  843  589  867  657  622  790  544  896  295  960  292  424  557  508  827  669  647  630  433  633  757  783  901  375  121  807  402  481  728  224  330  293  967  78  695  114  771  403  120  160  641  343  732  54  183  604  198  437  45  855  989  73  356  899  390  967  329  263  376  658  493  912  948  272  76  953  695  810  280  774  582  664  322  529  
853  522  317  635  947  980  303  484  622  209  452  742  846  24  888  292  1  820  49  288  507  197  815  337  55  196  97  939  150  75  150  904  554  987  556  429  544  327  104  48  601  150  51  61  91  662  716  704  208  804  56  244  531  448  372  210  506  172  746  574  196  989  679  307  649  995  40  286  456  779  140  160  665  763  587  524  272  117  73  953  666  533  366  666  472  981  509  313  909  95  495  818  133  826  668  259  820  966  645  489  
248  90  120  534  827  285  705  319  49  753  338  570  827  931  999  909  158  455  368  800  195  129  204  740  524  462  614  54  335  529  23  972  474  369  568  72  203  296  49  586  507  998  787  935  527  380  63  456  713  60  305  38  18  725  804  320  428  813  643  383  928  904  737  137  683  621  462  241  941  551  247  408  504  272  25  861  593  481  905  480  382  119  611  900  404  968  69  962  43  619  471  34  184  678  601  597  216  944  433  630  
996  198  319  654  701  379  951  575  133  305  563  280  120  100  402  863  61  341  585  582  741  957  244  436  702  743  274  547  868  976  914  98  245  834  333  304  135  412  329  41  593  173  735  38  259  591  147  900  98  841  22  407  108  173  993  448  692  624  247  169  131  799  383  153  443  127  669  810  57  597  412  680  599  172  467  740  531  548  65  159  39  496  134  874  573  32  535  114  871  445  149  425  873  339  203  871  580  224  587  352  
271  179  404  366  708  368  241  423  52  47  817  154  608  412  470  939  493  98  836  718  283  217  321  664  834  815  83  633  665  250  866  477  253  426  219  833  755  229  894  883  482  253  654  747  400  420  466  206  63  567  508  41  811  304  229  434  99  254  906  625  329  712  232  470  600  726  960  701  697  576  590  812  146  56  972  277  436  106  646  990  103  988  178  214  684  856  398  98  662  494  933  238  142  758  311  327  906  220  156  908  
410  20  149  237  102  525  920  780  431  746  750  16  313  299  250  241  553  762  120  670  401  290  503  385  453  50  268  52  497  942  141  780  89  534  959  851  164  560  405  125  470  577  782  713  641  721  456  711  271  645  439  328  543  325  220  432  785  125  324  800  768  193  542  136  35  322  832  994  751  877  511  763  693  659  169  658  995  299  690  466  650  10  158  917  596  981  49  118  671  630  521  48  27  490  548  741  852  299  388  414  
171  553  75  866  567  379  901  450  196  235  921  176  158  920  643  888  20  941  721  63  291  790  992  776  62  739  946  94  495  637  86  683  261  318  797  78  993  253  236  27  975  311  995  325  6  161  713  351  115  265  169  816  25  164  693  100  93  578  933  263  457  734  492  556  855  993  624  836  639  718  116  994  679  721  83  820  63  409  147  676  246  652  916  364  388  706  988  327  212  593  104  4  261  607  832  174  751  207  136  359  
53  458  423  403  618  535  846  544  620  141  990  564  632  764  142  359  120  740  592  631  504  286  751  978  561  542  792  797  903  10  625  83  710  836  482  770  996  923  143  640  634  992  703  611  532  492  412  101  715  735  239  214  596  211  159  547  319  919  190  661  877  375  289  133  190  513  353  611  951  603  490  37  949  279  168  92  240  584  369  827  927  679  660  265  4  398  387  382  707  525  655  497  772  235  521  48  531  700  176  505  
248  457  620  709  32  94  494  789  520  516  746  812  545  375  626  51  148  169  816  284  794  301  535  415  345  864  863  904  223  122  203  385  196  187  417  115  712  376  725  376  206  772  746  428  548  763  14  746  216  258  529  123  184  730  746  369  126  940  102  985  814  502  934  703  86  43  547  899  185  505  697  674  551  372  981  424  245  88  533  448  644  364  346  694  153  609  100  827  569  161  435  144  678  757  829  62  50  391  121  194  
134  518  398  350  376  48  192  42  432  570  809  178  149  426  160  33  440  350  793  379  540  733  617  416  321  475  643  492  492  186  36  227  548  307  472  74  20  780  223  665  712  740  847  884  430  290  510  17  890  884  557  235  309  467  284  437  811  986  230  771  48  352  306  834  279  571  986  232  751  981  908  918  786  171  563  714  610  359  817  296  578  231  267  681  359  334  321  484  562  25  608  512  195  580  238  164  778  219  642  509  
917  573  797  567  714  514  209  431  519  13  500  228  310  76  385  654  862  108  635  647  648  194  207  183  959  636  125  507  466  870  834  749  666  241  726  799  443  46  525  376  593  240  460  601  895  358  625  393  223  40  871  116  769  209  21  587  930  139  738  157  315  697  216  308  298  53  2  586  202  466  778  105  266  563  387  946  692  874  336  613  924  277  512  591  875  491  55  642  143  373  850  334  728  183  814  581  242  365  133  92  
562  555  534  222  807  188  496  187  735  836  51  413  155  321  347  915  776  804  753  902  138  54  744  712  694  53  241  557  365  158  292  746  777  620  899  650  821  550  428  984  133  847  628  766  846  271  267  27  652  671  287  92  951  882  400  505  697  934  573  176  95  778  266  767  673  674  967  634  247  269  830  821  777  840  336  612  915  819  60  246  508  305  541  383  698  997  543  788  844  783  798  674  100  990  963  472  822  696  916  939  
33  973  799  735  704  610  931  18  85  457  851  157  92  717  615  325  616  275  432  550  348  340  104  718  256  23  348  455  85  403  72  70  951  114  413  969  254  185  801  174  561  413  163  846  880  767  9  464  340  472  984  762  573  160  735  418  879  863  872  666  202  678  733  762  437  656  371  144  415  683  333  90  281  283  816  84  539  509  30  437  585  912  338  340  250  455  815  64  6  964  452  116  225  214  32  65  631  459  766  998  
302  345  533  323  971  743  983  795  274  984  492  584  717  375  994  832  744  734  75  453  527  248  179  18  109  479  325  57  274  239  569  777  487  778  212  221  769  717  115  544  464  399  21  492  124  825  509  122  891  433  217  588  376  953  578  967  867  636  128  212  969  57  353  116  576  247  541  131  529  105  49  646  611  147  958  719  184  282  294  327  886  403  691  427  156  49  652  495  398  514  420  630  656  843  672  460  147  295  13  27  
654  543  332  841  36  979  588  619  878  702  626  58  454  96  822  188  751  390  477  670  235  636  383  45  523  218  981  516  317  116  225  71  589  499  601  814  194  257  177  229  99  834  36  880  950  789  479  708  397  378  882  585  206  950  428  507  758  122  554  520  129  730  307  564  384  865  955  47  431  57  762  792  954  136  280  372  859  726  360  767  899  771  262  498  419  270  198  85  685  903  3  20  28  390  296  997  268  237  846  290  
712  256  515  394  423  85  43  146  929  782  558  400  11  652  62  912  405  165  107  775  221  462  452  709  938  235  388  656  646  931  319  115  280  377  912  293  302  725  88  766  828  458  549  300  451  832  109  884  345  649  61  661  176  257  834  758  886  854  779  639  41  335  241  212  556  209  60  494  499  477  980  268  959  93  569  384  998  189  79  708  802  54  505  810  996  613  425  867  533  667  153  303  177  814  169  955  160  180  789  537  
26  263  602  49  391  244  437  149  0  310  929  459  21  7  819  363  524  351  683  40  891  565  49  532  410  186  978  987  408  965  470  874  584  65  655  424  999  914  399  322  733  134  174  141  14  721  567  652  92  305  518  666  707  913  881  665  128  56  480  25  455  449  898  948  544  549  189  782  20  20  650  114  810  963  11  895  336  488  865  401  624  9  894  860  634  562  716  500  968  420  680  95  210  267  503  732  933  552  827  701  
410  62  417  880  497  288  691  668  305  319  541  294  189  1  230  98  652  764  581  55  348  179  733  875  780  943  71  854  709  807  418  963  781  546  602  49  384  865  162  600  770  850  471  934  213  615  554  185  740  324  481  767  306  519  420  985  746  779  991  830  380  757  929  171  624  455  503  89  842  794  725  295  818  150  354  990  854  149  503  156  159  126  357  95  925  502  264  915  320  920  419  999  564  381  465  562  575  455  869  803  
59  895  767  142  371  974  556  490  787  169  960  687  160  605  147  149  841  386  349  807  385  429  311  399  778  757  992  3  672  270  216  853  647  444  701  0  889  39  959  78  40  357  770  734  365  302  520  131  50  529  64  136  666  339  31  560  875  215  25  786  125  801  284  769  690  501  922  529  698  37  609  589  601  975  400  566  679  708  760  454  549  245  724  83  775  961  767  670  114  593  657  947  851  172  61  140  553  950  434  110  
272  315  532  292  419  466  366  434  773  788  431  674  924  188  662  106  443  168  987  127  59  134  787  267  685  754  831  233  774  779  850  937  863  302  405  927  176  353  441  342  89  498  329  442  669  984  121  259  579  695  590  558  530  185  516  685  720  472  14  902  599  424  589  9  213  297  232  874  462  602  861  399  768  33  137  876  203  743  393  410  267  656  398  606  251  736  335  621  200  913  157  109  311  1  216  631  60  712  921  825  
360  376  540  264  870  909  501  50  266  172  283  553  478  663  149  116  795  206  648  135  832  834  426  203  426  362  270  289  448  161  284  63  490  671  828  885  630  699  447  857  78  914  51  870  137  457  137  667  756  967  36  160  253  118  999  756  988  520  532  218  423  861  229  881  360  290  561  274  541  374  453  933  755  687  867  36  192  842  828  753  916  231  142  219  371  74  266  555  202  709  948  982  163  195  616  619  334  695  62  332  
406  11  337  705  198  206  737  871  38  845  699  472  590  369  10  517  341  1  869  294  38  822  773  577  624  108  120  361  41  785  151  894  814  862  96  458  289  450  57  948  304  54  2  53  430  27  397  104  648  576  901  279  182  367  176  832  155  487  355  254  211  372  928  996  753  730  790  572  570  961  342  942  689  602  573  300  640  240  67  586  296  618  6  843  837  261  372  814  376  670  939  320  18  884  439  955  770  772  791  371  
108  638  836  961  407  141  448  217  896  940  230  790  216  972  572  310  519  386  802  56  979  469  998  865  561  645  645  605  95  727  199  499  307  813  864  362  380  58  111  447  611  763  325  329  733  473  539  715  880  987  656  192  791  265  382  54  836  91  288  416  889  208  674  15  155  530  837  19  452  38  494  412  252  945  353  773  594  30  239  384  404  293  41  492  225  21  488  546  39  378  811  816  231  194  620  148  113  801  63  275  
244  860  72  386  894  170  736  480  61  679  260  479  672  450  722  319  413  438  96  459  295  758  411  927  699  345  897  878  847  254  971  667  424  953  251  389  183  562  542  566  856  567  933  372  182  456  278  782  542  488  98  411  534  755  563  987  266  227  588  289  91  517  317  360  868  72  489  427  579  869  885  233  639  154  960  269  116  153  290  612  993  918  954  63  338  53  856  408  983  530  483  233  216  810  919  527  107  86  943  310  
660  144  644  423  823  101  135  940  245  299  313  693  745  604  36  202  686  889  580  872  855  674  368  465  114  289  32  772  90  942  922  59  663  373  924  179  668  908  32  495  173  680  103  597  755  112  939  746  614  561  646  489  198  760  392  502  557  878  529  697  340  333  612  126  481  201  387  506  482  298  541  352  801  430  281  881  955  803  205  753  78  930  416  158  847  839  184  948  806  741  736  388  134  358  386  491  189  248  605  998  
580  764  35  803  947  40  74  555  405  459  189  4  539  608  630  867  967  724  794  135  695  186  128  808  964  366  968  341  335  871  693  613  759  445  22  358  241  737  726  338  940  556  638  535  583  560  676  685  58  450  939  882  382  969  614  929  538  201  362  162  219  224  391  691  990  818  10  19  349  751  930  295  453  585  997  550  680  860  463  383  267  54  767  90  454  679  101  484  139  626  923  220  413  768  416  282  407  718  867  535  
309  637  754  920  75  447  78  772  25  273  179  517  143  300  681  523  459  518  826  628  100  917  377  56  793  316  667  440  971  990  981  342  716  606  409  432  403  881  742  286  998  764  522  435  42  831  991  593  449  411  80  637  872  815  623  665  700  926  540  696  849  893  915  532  367  48  219  731  809  508  183  520  995  343  602  630  87  628  796  688  828  378  107  219  100  700  192  741  553  755  912  206  883  952  387  404  352  806  20  470  
256  483  118  550  644  208  359  185  971  774  923  739  736  304  936  451  516  479  793  254  115  232  578  143  998  970  271  692  844  468  57  420  797  299  38  716  101  689  820  456  714  937  642  983  626  495  674  440  611  349  967  505  400  943  199  286  709  264  117  238  208  134  14  313  924  736  773  149  491  608  253  904  559  459  419  424  373  692  558  94  710  617  604  993  924  22  810  623  981  877  911  126  391  64  654  385  600  181  190  318  
313  199  783  452  591  909  219  730  637  292  351  842  889  400  157  924  601  256  192  263  122  366  58  970  125  454  725  633  855  638  76  427  403  980  29  0  725  94  327  480  646  777  610  287  111  29  190  532  52  216  747  721  967  511  34  756  38  332  936  364  938  864  869  888  213  185  268  817  367  687  633  607  44  593  481  169  269  333  675  878  82  468  2  97  994  595  11  154  110  582  602  38  216  79  683  944  179  556  431  785  
15  559  934  75  755  590  131  428  567  923  40  334  678  678  142  627  828  263  329  965  634  608  735  292  507  806  11  664  929  936  642  830  905  23  337  160  856  30  401  293  680  820  497  776  892  980  182  956  932  702  768  44  572  902  492  728  455  865  18  900  412  32  226  435  770  950  440  322  574  859  585  47  853  971  937  471  720  65  387  598  492  292  612  114  778  956  892  473  466  398  906  800  622  178  435  805  686  630  22  268  
833  843  415  414  714  405  646  264  382  881  403  72  320  638  385  754  719  950  140  136  958  78  720  992  253  305  703  175  169  203  287  259  93  321  174  511  82  742  282  623  547  175  345  211  22  120  210  721  431  152  439  27  783  311  680  23  532  921  924  893  878  554  30  771  326  56  498  228  258  280  739  872  249  289  810  157  624  309  253  651  910  318  241  997  723  685  949  418  743  301  542  411  162  111  632  232  768  942  56  484  
726  690  507  991  54  626  225  881  906  482  428  747  673  692  695  714  787  683  533  45  235  35  536  510  560  709  826  821  791  806  747  544  505  734  31  191  77  190  987  323  10  826  140  743  994  63  877  630  902  958  11  804  754  782  246  209  741  416  326  48  440  412  191  870  328  305  811  821  138  913  883  240  498  98  105  305  135  713  221  374  742  986  994  754  922  978  957  728  213  365  777  683  214  987  145  328  647  566  195  397  
313  711  189  731  774  734  88  198  75  727  685  429  952  561  832  141  142  107  728  80  4  8  207  531  445  945  740  797  465  33  867  499  894  316  574  944  532  648  314  818  346  62  921  464  576  866  31  95  834  437  59  116  821  212  556  851  921  761  709  206  411  247  839  258  582  20  969  979  141  495  622  256  728  984  716  313  49  959  116  829  218  452  323  392  588  542  196  209  822  247  79  385  633  196  322  247  732  547  83  577  
208  13  631  501  578  802  394  430  928  364  427  674  362  340  731  952  943  25  395  87  593  727  967  865  286  515  106  478  539  189  695  637  159  134  833  221  834  721  592  394  712  918  889  92  430  753  904  281  624  458  68  986  844  85  672  554  31  89  978  987  985  366  649  467  311  479  64  108  310  407  753  722  407  817  72  637  955  271  85  358  476  196  661  6  661  309  574  841  231  57  429  882  9  858  406  104  732  956  55  198  
136  562  777  905  991  632  876  546  548  858  311  643  934  428  424  598  47  779  206  913  275  480  872  622  800  757  865  823  577  808  555  118  718  84  797  931  108  951  859  631  693  951  465  220  715  285  235  935  734  939  435  454  375  281  192  580  608  331  287  908  635  359  177  314  140  243  865  740  19  563  936  87  274  832  343  462  863  196  344  685  286  657  753  853  599  17  935  664  383  425  187  779  989  911  275  716  260  202  64  681  
992  616  510  911  831  586  14  500  589  316  20  684  171  377  325  952  142  884  362  630  872  713  569  209  373  329  742  928  435  436  774  564  30  745  851  691  608  985  17  627  306  498  123  848  298  15  675  149  257  125  133  401  303  88  654  9  268  91  350  860  870  975  767  948  395  347  185  191  386  714  972  741  730  506  385  924  278  480  894  32  643  328  36  134  536  418  773  807  425  129  783  274  888  710  808  418  976  929  286  423  
583  767  732  192  8  543  754  246  578  750  194  235  89  418  762  345  919  508  171  888  46  254  37  31  540  588  733  828  60  680  884  806  909  541  773  143  809  493  498  80  868  174  867  212  167  943  837  614  248  304  675  175  168  615  156  303  433  583  680  757  825  227  464  762  95  857  1  559  769  585  485  998  711  84  294  86  696  482  424  521  208  955  458  280  122  615  280  830  288  890  456  921  588  79  646  797  601  501  695  546  
267  135  54  886  880  165  471  718  393  335  990  341  25  946  187  343  2  107  788  743  30  201  446  589  952  735  594  27  871  879  144  670  620  642  883  90  777  139  65  854  694  163  668  495  257  655  802  233  577  679  942  840  200  744  264  276  938  536  608  194  206  417  546  87  416  206  678  159  0  83  456  436  819  906  895  531  83  832  739  353  150  526  840  419  992  970  2  874  614  238  260  644  832  80  192  719  802  945  869  649  
968  130  656  636  603  415  617  733  436  543  484  939  91  588  303  812  636  901  150  707  703  972  137  982  651  345  903  596  567  780  178  180  972  610  102  272  330  791  671  153  230  634  398  427  613  734  535  889  223  708  195  244  514  822  893  684  418  871  410  353  171  126  194  435  299  649  326  334  574  173  77  562  246  476  759  254  935  576  413  300  397  771  810  512  139  601  66  562  713  453  446  491  89  104  769  172  590  265  315  985  
625  846  559  645  705  464  10  487  382  205  795  242  499  158  145  283  453  593  934  307  588  561  318  668  942  497  707  889  458  208  401  790  511  317  929  294  378  460  756  131  470  969  814  15  99  633  300  258  205  625  947  829  296  446  135  346  469  42  156  679  876  240  205  663  494  415  694  904  509  27  144  852  274  241  185  503  347  200  534  15  367  221  606  482  919  191  91  649  923  354  64  89  510  639  498  634  624  488  180  369  
734  800  931  960  903  41  314  990  813  711  843  673  238  954  811  166  159  210  777  851  196  891  339  165  606  367  660  387  417  898  630  179  121  345  528  930  377  60  436  655  151  603  744  657  799  188  534  191  779  746  762  166  900  193  648  389  695  702  480  132  719  52  767  355  251  41  843  239  75  431  538  407  380  622  776  669  646  190  251  999  319  771  508  965  294  585  405  510  557  535  993  283  788  232  932  469  190  388  697  394  
650  893  506  930  153  109  327  688  174  45  878  795  599  336  91  301  871  79  628  435  13  421  332  267  524  154  786  508  216  989  381  31  634  59  982  939  408  28  770  702  164  468  355  311  359  167  58  400  730  694  866  138  961  718  908  552  861  39  235  6  836  138  907  450  790  188  979  544  783  255  620  75  36  888  13  247  876  819  645  924  612  442  644  389  959  813  293  55  513  563  524  5  150  894  120  160  939  541  982  755  
168  859  250  860  433  204  962  23  64  712  641  197  73  560  92  41  930  982  452  459  268  345  953  830  218  765  424  732  525  297  961  217  729  42  87  468  552  445  420  386  969  42  89  789  557  276  631  418  526  100  373  808  803  190  110  972  4  179  670  146  527  165  537  29  773  729  256  864  373  583  721  37  386  621  697  730  483  305  241  380  975  981  162  179  738  677  919  389  553  740  198  150  542  148  290  437  560  517  760  298  
819  485  315  276  519  173  142  231  64  996  502  90  113  564  546  974  757  114  71  899  516  204  148  517  78  539  567  19  839  96  515  272  879  307  223  738  12  278  19  520  783  848  393  977  16  85  654  320  727  771  516  587  968  479  573  258  554  998  262  396  556  976  54  797  948  206  417  677  534  940  45  898  773  922  624  341  57  932  740  114  941  521  216  193  931  529  821  385  815  336  562  916  245  503  244  662  784  729  885  567  
215  395  255  304  686  141  550  802  727  405  775  130  778  555  841  616  936  174  959  631  160  741  374  839  453  131  33  574  196  937  167  613  869  135  398  462  165  614  382  691  366  404  620  786  420  10  609  358  188  739  287  471  187  466  544  336  216  150  746  249  23  370  203  987  131  453  973  721  279  664  933  638  10  853  782  657  221  213  365  829  657  130  537  349  34  139  866  172  858  966  459  211  171  759  260  204  845  567  336  579  
32  472  296  797  663  220  690  536  433  302  274  786  405  584  346  853  145  355  657  887  311  77  278  1  69  165  216  589  191  34  524  266  187  129  225  685  521  829  315  133  997  401  922  392  667  545  526  204  957  191  233  381  171  545  465  557  896  151  689  523  662  442  604  890  101  600  941  729  917  157  253  547  213  723  106  405  55  41  16  581  114  234  14  706  979  149  232  86  273  922  237  239  876  92  44  749  178  801  280  703  
325  862  749  494  652  135  133  635  693  197  116  116  836  297  60  369  770  44  846  557  380  665  454  248  671  554  609  225  149  583  838  113  447  621  990  27  840  442  641  591  817  167  215  486  518  647  639  87  372  468  471  752  477  41  81  0  26  457  439  65  443  782  243  956  590  878  645  757  522  888  985  877  847  989  740  757  613  809  299  752  101  864  552  770  911  989  130  941  728  726  616  954  448  523  418  468  126  973  149  520  
473  372  848  48  276  441  607  728  148  458  548  144  721  836  340  303  879  34  381  401  712  931  555  887  439  50  89  308  363  855  218  896  359  243  76  358  490  48  949  88  696  607  573  914  692  115  448  564  208  91  350  576  291  933  921  716  589  294  275  986  674  742  241  114  553  688  719  601  303  687  169  323  461  995  924  963  35  283  823  212  119  533  937  240  670  913  400  557  990  324  915  696  150  671  781  513  234  167  959  726  
414  920  856  267  110  883  987  735  185  391  637  867  432  811  306  699  942  521  276  775  165  47  246  587  218  231  355  745  391  798  238  81  580  297  149  919  304  531  263  850  1  819  783  509  270  282  205  734  110  779  31  308  247  275  953  566  860  288  926  183  340  550  625  661  475  780  781  608  391  190  253  472  697  19  96  591  158  534  349  429  962  794  240  395  528  398  662  871  823  448  786  62  844  390  444  111  152  383  107  260  
263  784  431  604  45  323  893  724  852  618  472  36  910  225  352  629  731  817  386  712  864  369  732  186  236  295  315  428  896  397  571  366  267  398  82  955  447  231  177  152  323  250  912  382  678  518  725  664  477  3  785  166  633  593  175  311  896  984  578  61  726  361  810  562  447  748  330  121  164  227  49  856  240  339  874  313  958  875  123  303  649  894  191  477  407  338  944  146  547  274  828  617  838  577  427  461  25  573  675  298  
289  75  303  310  671  1  394  263  971  878  876  934  900  270  288  81  55  810  202  30  690  340  375  2  156  336  986  674  963  957  728  721  169  883  474  785  859  903  453  37  879  802  991  658  522  888  775  933  196  827  297  879  201  8  566  990  116  305  692  501  18  810  695  564  48  55  411  34  817  578  205  254  928  859  437  989  751  519  874  486  842  851  602  458  291  594  628  303  859  562  157  219  281  437  810  517  986  659  960  719  
173  285  470  647  729  196  268  78  382  648  699  800  693  501  112  561  357  143  902  985  651  310  503  326  261  524  583  409  403  684  821  107  522  381  118  437  46  131  456  494  284  351  816  655  857  5  96  995  651  843  657  538  778  305  856  580  530  203  824  803  719  300  205  370  941  941  520  906  716  827  492  723  756  607  731  150  171  142  853  345  600  201  111  36  307  727  108  153  299  878  651  873  635  184  740  704  634  594  552  2  
949  448  828  40  436  796  217  306  110  582  172  497  433  693  397  668  970  124  886  575  285  383  810  717  786  84  407  394  36  495  313  787  367  590  373  977  509  739  94  504  429  544  248  405  210  932  615  606  219  140  690  700  147  829  682  140  631  629  369  995  240  625  689  551  117  761  530  882  422  512  374  569  510  320  541  908  510  138  697  238  802  851  173  203  443  490  367  41  904  661  246  632  986  523  442  307  371  973  479  528  
889  510  813  4  780  66  616  87  178  946  383  735  812  125  458  49  927  738  37  506  513  705  283  187  325  698  929  427  429  494  577  942  643  290  695  259  84  745  748  676  665  521  580  206  604  406  734  553  835  10  616  745  540  142  604  74  854  418  514  947  567  896  123  49  599  247  912  748  592  107  869  718  544  538  598  495  189  114  700  55  869  5  187  19  462  734  603  544  504  174  249  838  13  431  250  179  810  890  108  961  
494  51  744  265  859  586  71  382  445  413  120  79  926  968  436  20  588  703  302  578  960  346  442  297  316  295  49  154  24  726  398  374  392  789  665  282  646  436  989  655  495  411  399  325  885  735  645  272  585  963  961  315  802  315  713  776  431  516  357  769  676  672  396  537  76  989  434  340  404  325  170  837  264  616  204  278  252  341  196  178  233  152  767  7  994  589  530  255  17  786  961  205  363  611  992  276  941  655  521  763  
626  808  675  69  962  176  356  757  104  199  619  215  800  56  788  274  915  731  769  201  232  566  393  897  985  308  671  276  543  863  314  564  219  738  316  347  467  431  338  735  237  328  335  867  50  409  885  825  794  434  809  660  952  482  34  385  497  510  822  365  159  66  560  289  157  590  562  579  502  434  34  743  558  84  821  722  228  566  109  830  866  21  528  842  323  595  39  161  320  126  111  283  951  250  895  848  17  377  838  96  
526  947  129  489  216  649  399  960  912  602  137  712  400  872  896  792  919  421  452  86  538  352  735  105  21  780  740  949  830  263  471  704  690  63  859  177  134  488  946  576  964  243  708  336  336  689  886  201  694  5  326  491  346  759  378  204  412  628  226  274  86  115  128  237  819  187  74  91  781  400  849  479  691  668  338  924  606  377  391  299  662  565  321  812  813  559  171  752  720  638  718  165  646  649  901  419  366  689  828  548  
905  818  306  321  937  688  96  15  549  319  37  240  18  379  775  429  719  661  592  281  293  55  731  681  409  214  785  120  40  990  749  151  518  413  336  962  154  565  593  141  825  477  77  221  630  49  559  979  59  901  244  915  623  801  21  987  580  574  146  198  147  255  752  9  551  130  782  613  507  134  98  563  72  311  707  150  446  900  978  873  502  826  986  65  867  785  609  301  107  332  802  979  461  454  25  676  873  344  626  967  
790  167  510  60  588  650  331  630  927  409  934  403  820  897  488  616  667  12  674  581  305  189  119  793  961  569  925  342  807  449  686  948  793  620  401  492  234  825  496  858  435  274  615  830  608  941  936  940  165  420  445  119  899  4  587  388  987  634  679  978  830  505  992  208  471  889  680  599  765  785  608  239  192  957  951  925  111  82  767  681  492  366  197  757  173  46  651  42  328  575  595  325  362  277  834  543  860  306  910  146  
450  102  294  742  721  669  213  36  389  814  202  258  212  943  894  493  314  878  379  365  770  458  542  250  142  425  729  644  212  755  368  80  645  843  621  862  378  125  594  367  349  298  203  29  601  993  109  282  520  601  487  706  719  313  171  645  887  448  585  532  811  120  529  741  353  580  138  842  263  107  876  779  900  765  431  740  760  154  61  937  216  322  339  709  498  663  879  290  641  262  662  675  309  853  869  902  987  486  650  853  
917  425  743  987  893  129  545  123  731  404  51  524  417  278  762  930  311  903  45  550  407  752  740  677  151  134  985  389  407  989  815  804  398  293  389  451  318  170  223  488  288  477  306  561  357  240  194  332  186  471  10  908  182  138  430  765  220  279  24  897  568  980  598  739  856  914  93  312  744  365  988  149  834  296  167  4  504  925  877  656  927  554  89  0  450  23  754  441  56  260  735  19  859  640  131  629  662  772  360  253  
970  85  460  511  917  864  501  735  615  688  801  314  994  60  622  822  190  668  43  571  871  769  641  537  820  292  74  832  260  678  396  414  910  215  658  338  565  427  344  152  214  110  688  566  912  312  6  323  351  180  868  463  261  986  19  278  422  45  391  326  414  278  797  399  41  615  187  562  230  484  716  298  433  331  320  111  84  764  812  946  129  932  410  219  127  4  0  758  30  758  381  636  168  423  262  869  390  352  604  211  
149  542  775  689  779  866  667  963  194  435  893  952  415  247  682  817  399  193  588  869  160  740  610  293  79  781  131  467  779  598  831  536  68  151  546  746  225  880  598  492  14  961  571  703  54  74  190  431  811  582  44  640  327  770  313  687  821  132  457  557  257  886  817  838  689  778  427  912  687  640  509  647  444  778  117  605  210  816  219  767  174  527  235  690  992  317  941  100  56  248  267  424  855  268  606  433  175  83  373  327  
232  614  764  159  424  210  653  485  838  94  845  861  756  745  653  760  998  912  723  137  147  589  293  798  111  595  338  204  562  814  317  596  457  623  470  810  855  693  759  796  143  536  976  679  521  286  695  636  55  128  232  634  490  919  780  37  214  56  441  229  758  263  166  697  222  463  953  274  203  903  639  556  673  328  904  103  649  172  420  748  948  121  502  715  457  754  755  625  95  126  511  294  792  642  917  405  274  289  264  900  
178  780  610  947  287  861  808  18  145  669  57  915  676  902  570  815  541  194  791  844  311  74  975  772  722  315  221  785  754  586  910  900  807  936  228  573  878  417  958  908  203  934  393  62  841  699  208  483  760  755  59  852  882  287  855  627  26  653  602  267  529  77  49  581  326  71  496  260  426  664  861  841  21  836  377  680  616  749  316  515  32  489  396  85  323  450  657  774  347  47  833  29  412  279  595  589  140  829  474  70  
286  256  280  844  530  658  28  421  381  952  329  331  984  552  901  713  695  190  203  875  145  234  69  366  447  755  913  126  291  551  742  710  407  402  572  498  350  227  374  865  867  423  525  94  604  189  250  382  618  280  511  828  992  795  514  71  246  142  367  765  993  575  546  753  56  732  462  567  485  813  404  49  39  22  691  554  464  754  488  751  528  955  42  165  245  966  477  990  340  748  393  254  569  218  271  849  14  306  80  15  
532  610  225  591  420  203  46  849  184  676  586  560  492  788  464  924  362  199  194  758  470  456  899  780  270  284  259  508  461  671  799  246  574  296  706  994  455  703  180  168  289  343  428  798  154  383  477  228  477  810  987  291  407  910  73  588  791  82  705  518  145  80  807  375  998  466  322  235  484  809  231  426  318  224  323  908  464  511  293  0  329  19  551  66  140  115  759  178  197  862  894  577  653  984  404  895  706  139  613  192  
286  802  92  965  962  25  827  582  304  184  100  981  266  375  263  14  225  35  929  82  789  989  525  523  206  804  985  554  717  857  240  652  483  633  855  43  699  735  150  704  78  871  70  279  668  976  393  635  921  241  682  816  196  124  554  631  735  679  524  36  339  431  902  555  428  127  276  705  333  887  939  471  847  480  830  281  619  619  705  485  610  449  808  295  52  965  2  529  61  918  368  448  441  401  84  74  448  67  895  19  
794  867  867  718  895  246  874  288  411  556  873  401  637  640  981  652  499  294  864  822  356  4  368  611  761  387  365  620  857  567  652  348  967  457  612  722  666  798  796  857  57  712  664  762  41  642  302  643  204  401  937  857  72  246  681  377  89  201  629  805  140  207  327  930  545  299  994  909  947  67  882  381  464  625  39  716  920  482  696  160  499  708  152  798  492  928  952  62  588  150  233  105  860  64  531  367  315  599  655  989  
847  858  166  523  620  149  500  444  998  501  237  798  45  161  714  602  340  101  111  782  174  752  732  645  318  61  190  672  1  919  234  45  314  950  253  926  665  406  411  213  529  342  530  123  364  726  970  56  86  993  859  12  43  394  331  332  702  763  314  152  255  393  396  402  23  284  851  537  803  786  735  699  507  650  883  521  798  822  860  556  44  593  576  717  7  648  1  762  631  430  45  269  17  680  907  286  403  735  524  705  
694  563  876  930  233  700  475  925  30  964  453  242  195  145  802  981  927  886  914  716  494  865  985  153  379  799  747  895  209  620  700  394  799  783  518  903  646  217  568  826  680  486  576  151  558  100  93  504  949  600  435  588  823  937  563  929  706  956  590  273  647  438  839  471  609  656  330  117  543  404  165  934  584  327  17  742  394  295  909  489  255  323  295  657  221  945  279  865  72  178  67  166  855  218  841  654  663  516  612  488  
624  698  309  995  674  90  525  611  147  805  173  509  792  137  219  572  333  734  977  324  851  821  427  532  69  411  517  337  159  454  103  181  124  511  134  502  490  173  136  282  268  970  811  648  924  15  322  803  195  875  357  32  966  664  756  478  558  670  641  973  213  345  439  758  520  142  2  971  869  915  188  16  378  44  361  678  183  281  832  841  442  652  975  711  645  633  538  96  286  119  943  93  323  915  121  314  463  51  942  285  
