

Matriz a(Execução Paralela)

250  336  995  572  88  269  557  386  797  898  213  304  599  600  251  59  849  685  637  635  131  117  305  530  832  963  11  270  669  3  338  445  649  213  900  556  767  424  322  540  960  705  879  289  694  510  81  992  972  443  674  685  713  704  665  166  547  477  457  448  863  867  907  644  543  193  215  949  741  719  470  48  196  835  419  272  901  278  104  478  927  993  476  690  248  945  618  160  216  724  813  185  725  863  207  781  0  287  65  666  
982  120  909  524  835  900  591  809  769  339  490  775  767  148  366  285  669  238  391  499  915  61  898  615  16  708  576  684  648  699  389  632  391  317  146  603  243  921  942  616  790  395  611  689  320  983  973  979  371  329  933  83  320  667  92  267  887  748  475  534  411  314  215  963  692  740  498  697  854  934  732  736  231  33  833  31  550  950  876  248  791  359  969  60  163  939  399  564  268  132  556  301  245  935  251  143  88  887  281  362  
690  797  374  926  801  848  910  150  141  342  7  535  876  716  596  338  496  344  256  892  979  496  439  367  27  86  198  831  304  227  35  715  401  677  231  893  295  150  303  432  370  58  626  445  631  773  837  298  627  862  778  640  249  164  479  895  511  732  307  128  551  996  435  238  737  127  11  682  262  933  856  74  903  262  514  246  964  508  663  327  328  114  217  747  457  332  706  441  726  500  790  485  898  94  423  569  245  25  150  449  
169  795  741  921  537  639  977  101  846  718  733  76  435  199  506  98  648  4  578  433  621  363  644  356  140  125  833  503  688  878  269  622  365  338  601  344  861  649  318  431  241  278  676  967  185  170  8  729  802  615  972  364  198  284  264  134  426  757  430  684  56  683  971  564  469  183  721  547  613  438  274  944  234  770  792  524  348  958  951  988  930  411  99  852  798  675  366  914  511  817  905  924  224  683  476  735  38  398  857  78  
862  181  467  35  221  621  636  717  697  839  827  398  581  211  893  647  626  413  626  218  288  191  984  980  380  43  429  133  363  771  277  429  229  231  228  381  581  258  509  623  861  58  417  235  982  466  564  680  884  13  993  267  944  673  917  646  528  702  761  928  249  154  409  477  980  178  425  730  670  431  768  199  26  322  484  753  17  469  93  947  530  664  182  392  876  333  661  736  920  681  916  205  867  703  160  8  65  26  975  237  
278  590  262  424  517  124  448  410  308  960  299  964  854  529  661  278  696  493  684  909  624  454  722  487  350  133  199  516  182  897  641  523  286  276  790  750  979  43  618  219  176  16  564  991  982  501  538  945  103  614  806  481  739  764  200  955  54  874  90  596  329  174  339  695  397  141  907  325  838  523  157  631  556  391  410  129  732  871  754  260  685  924  318  696  87  156  497  157  558  288  205  260  381  626  617  799  924  157  272  225  
100  745  965  243  353  905  682  588  270  803  584  605  583  947  785  790  671  132  57  224  634  445  83  152  909  211  176  805  82  816  10  406  455  800  942  451  830  228  360  318  711  78  929  709  433  191  531  576  263  728  141  657  119  195  865  381  983  45  899  397  449  458  133  369  853  669  757  458  548  995  600  434  994  635  431  779  638  972  48  296  988  531  704  76  937  319  987  197  142  146  998  356  389  55  332  484  272  723  349  997  
746  330  949  132  701  686  216  473  866  566  147  284  392  305  334  652  971  517  77  350  765  553  22  14  83  771  709  93  238  934  458  48  218  812  84  352  555  36  215  891  299  921  89  959  392  46  955  46  962  705  283  227  378  363  790  567  262  865  290  967  18  3  665  974  568  735  73  91  280  857  521  831  730  920  934  37  0  128  884  614  433  87  392  784  8  102  26  682  379  727  840  726  559  78  397  844  625  509  624  815  
959  79  809  743  133  393  390  898  164  336  244  935  293  307  737  745  227  846  326  668  902  711  738  87  579  521  786  982  89  955  637  954  62  301  603  319  32  726  237  587  208  116  199  966  929  137  186  106  727  646  527  528  210  55  758  412  161  962  916  111  475  909  555  711  656  780  203  373  374  636  318  842  273  183  842  287  866  300  31  504  760  498  648  875  859  721  486  283  788  109  512  748  643  247  375  954  121  178  806  691  
108  727  38  5  353  990  79  605  619  610  443  773  41  903  701  81  150  66  295  887  666  253  889  816  678  229  989  503  405  570  990  597  86  611  73  895  397  140  756  837  113  517  644  303  408  896  907  102  175  46  845  908  878  302  531  809  112  667  649  235  480  609  50  673  303  172  123  676  706  725  957  90  295  515  988  705  584  985  236  613  945  57  300  54  892  37  394  1  924  5  6  952  286  850  923  697  243  38  528  344  
866  374  836  690  258  542  952  575  53  839  366  42  409  839  911  729  440  357  723  28  407  279  737  76  875  42  143  641  263  549  147  791  922  35  455  934  726  59  851  389  43  173  197  507  418  620  723  233  262  882  297  111  156  932  518  914  451  228  273  478  838  229  937  606  503  782  378  125  230  366  643  840  911  872  131  530  305  251  996  571  706  473  841  750  408  626  161  46  906  588  653  556  741  753  438  279  995  110  567  153  
542  235  330  490  395  827  38  188  817  698  454  970  600  934  565  253  374  379  286  884  548  487  160  735  488  127  661  968  36  956  164  7  131  254  581  873  220  307  562  628  479  531  85  234  332  283  579  791  163  877  152  344  29  568  341  218  10  649  596  68  524  926  740  251  297  19  415  720  214  339  353  607  846  596  932  287  610  383  614  697  346  994  196  863  410  524  792  482  600  149  757  7  529  767  899  120  683  37  46  987  
773  623  177  865  779  439  88  957  558  251  379  470  760  655  798  947  885  966  149  970  189  301  653  190  493  756  710  187  526  890  140  734  549  812  117  405  129  801  565  840  252  205  45  899  120  40  570  538  891  971  969  0  621  806  704  395  206  272  16  287  573  748  886  669  779  21  9  616  685  222  126  629  112  336  728  20  999  473  283  311  112  557  223  782  894  468  609  924  311  704  933  129  444  153  128  13  241  598  794  110  
179  410  705  998  750  753  920  597  969  886  502  270  737  11  91  840  273  723  638  899  763  415  337  349  961  387  470  97  100  236  867  290  902  617  312  609  195  571  729  849  977  387  263  99  856  486  18  475  332  663  713  670  816  337  537  62  965  279  115  44  729  43  168  881  330  943  296  945  625  611  736  645  723  459  402  43  2  940  246  691  619  676  903  72  369  107  712  402  359  785  365  188  762  30  917  703  876  888  149  522  
965  548  289  828  804  436  339  656  348  865  493  635  130  117  875  974  202  400  170  602  33  757  678  28  196  897  679  943  128  127  82  865  747  714  6  531  192  968  157  328  984  640  987  561  883  248  51  258  391  53  500  541  15  439  226  705  308  416  481  86  569  650  493  848  592  114  557  622  258  349  437  614  52  933  51  70  893  311  73  865  435  325  593  485  462  555  815  125  852  648  615  984  844  651  320  405  142  383  513  856  
79  773  87  214  170  421  592  169  586  880  922  976  980  4  325  631  265  661  487  14  722  981  734  528  852  200  536  594  970  798  478  150  210  397  223  892  608  371  897  428  918  173  290  66  653  359  236  150  397  849  671  798  248  945  681  227  685  363  161  685  753  914  425  852  816  689  753  444  696  675  727  956  646  459  172  643  978  817  795  687  390  474  123  827  724  43  676  621  45  697  830  417  893  623  172  205  324  221  656  371  
504  98  864  540  286  431  446  503  223  311  381  110  31  662  887  128  33  508  419  657  493  550  596  699  884  194  669  94  955  277  321  371  827  139  119  593  937  899  474  426  616  180  78  598  548  351  574  442  218  386  11  260  548  726  95  709  648  599  712  275  552  565  520  474  956  651  488  919  979  227  701  689  849  500  131  116  530  66  790  387  501  137  143  153  716  669  667  676  439  8  520  311  640  25  200  467  473  421  856  225  
857  733  571  606  894  436  95  444  405  579  337  185  301  604  643  877  793  7  180  653  12  875  457  687  950  277  159  666  293  158  114  220  215  412  79  359  811  32  822  537  880  943  275  470  469  927  644  356  280  799  877  75  186  884  847  399  359  868  935  99  555  793  74  452  824  44  358  791  868  898  972  448  832  416  298  592  587  350  973  770  108  723  635  674  615  950  526  370  54  164  533  859  361  946  93  620  329  976  188  730  
654  808  174  461  744  762  768  650  354  270  242  218  562  142  818  766  469  573  827  813  648  383  13  276  106  190  485  41  261  822  653  804  499  494  655  307  173  91  562  440  454  459  975  393  494  115  854  484  226  998  609  708  929  874  74  28  498  936  360  695  337  56  909  962  488  687  819  543  130  470  740  831  811  544  673  338  563  647  930  550  945  724  781  466  20  593  586  246  989  477  946  145  264  11  503  486  353  847  295  132  
716  383  962  873  780  129  323  274  661  279  116  946  182  363  145  476  605  224  623  558  943  832  517  676  647  716  456  886  619  427  981  232  614  497  384  532  751  875  257  453  49  805  542  762  284  832  347  182  82  987  102  656  291  621  399  780  177  757  892  349  96  454  275  197  429  794  1  74  719  809  232  135  931  990  604  892  193  550  70  635  12  254  458  273  447  281  579  916  91  11  487  647  205  908  477  551  644  356  362  265  
400  711  19  187  22  926  692  19  568  738  687  880  809  797  145  387  462  543  678  921  616  265  356  848  959  642  133  995  664  652  247  924  318  210  166  566  151  217  577  684  309  591  881  328  237  436  653  252  868  892  827  151  813  245  577  13  528  204  273  797  941  238  603  288  485  117  29  715  681  514  870  353  516  218  352  801  267  134  3  239  230  355  622  457  278  586  328  920  645  924  813  985  14  414  396  383  57  421  805  735  
713  527  608  976  841  678  88  909  576  441  335  504  782  624  731  548  478  620  22  375  771  80  611  386  511  136  524  263  527  813  593  46  954  434  546  371  168  783  606  808  223  207  332  531  265  32  294  755  249  590  870  76  444  668  297  653  837  936  544  786  297  634  869  891  353  777  234  568  853  890  813  351  789  286  216  492  363  982  388  852  333  254  974  941  54  195  738  133  284  154  460  782  796  591  525  859  993  46  738  274  
180  506  657  846  693  928  733  24  224  295  984  201  771  630  848  470  900  737  98  136  943  362  723  942  748  544  22  482  695  343  263  646  969  947  174  865  804  274  32  633  884  470  567  494  537  715  473  673  857  363  262  983  706  619  250  502  429  586  811  555  934  550  69  838  976  50  673  419  862  544  108  581  940  639  652  880  131  937  541  755  747  932  65  873  347  459  998  307  988  904  520  891  115  928  112  799  925  635  245  129  
206  910  487  111  658  311  907  323  756  516  463  185  708  41  599  704  739  108  552  247  619  166  58  326  514  649  859  958  629  321  430  166  80  832  363  27  283  41  288  947  713  216  581  686  114  157  396  585  480  683  231  608  103  633  180  735  518  973  476  742  258  208  25  671  113  18  277  733  3  842  551  483  717  817  889  861  600  308  909  143  982  85  597  913  845  733  922  731  299  16  13  403  185  204  745  520  445  551  769  338  
887  629  653  480  197  867  800  149  282  739  517  863  609  748  896  142  735  365  905  774  22  397  490  857  86  50  570  396  143  885  154  980  185  998  173  21  164  746  293  991  91  285  72  397  659  453  330  747  242  725  443  131  891  834  225  292  262  862  56  864  267  814  414  801  775  450  460  967  895  937  934  640  1  15  27  973  27  452  775  628  251  617  886  975  621  18  692  441  515  962  32  616  870  152  479  740  443  477  372  594  
705  630  389  349  903  884  41  298  995  373  693  430  364  654  54  550  921  736  400  914  306  941  389  200  644  605  226  257  667  265  875  105  479  691  703  720  841  120  990  856  951  779  302  923  611  872  605  659  282  225  889  613  352  880  779  219  856  778  459  420  345  156  284  250  589  733  832  455  547  400  342  701  188  932  183  825  962  529  569  283  429  522  387  85  663  929  703  237  935  787  949  673  27  954  532  750  974  329  283  309  
273  215  470  875  485  259  620  403  607  920  93  330  133  581  1  606  629  396  500  228  636  812  821  269  163  678  454  252  910  777  910  742  687  442  609  150  967  787  73  349  333  62  838  531  687  271  865  788  364  12  974  594  564  97  400  562  895  76  614  78  530  26  915  431  897  340  939  284  446  825  857  907  15  409  574  51  742  260  109  684  442  949  89  331  274  534  935  254  642  97  560  392  438  792  255  226  707  697  961  991  
981  66  82  26  923  381  555  533  103  536  201  712  665  836  834  301  379  511  857  676  871  344  689  584  485  830  957  221  649  814  638  92  745  416  310  540  660  77  497  103  181  174  411  958  463  580  100  322  178  991  600  616  492  989  820  48  180  410  595  906  487  38  950  558  933  480  74  791  797  301  626  322  221  332  629  769  958  897  363  582  164  636  258  950  604  821  565  605  606  231  507  551  553  326  861  66  389  302  1  790  
332  761  996  477  74  949  565  189  436  888  692  207  477  376  401  219  43  820  648  850  383  304  290  911  203  57  176  115  687  54  960  485  476  158  322  442  745  452  812  638  892  780  370  431  288  385  945  785  60  220  298  140  381  875  36  215  458  692  34  119  748  452  172  208  385  816  161  766  486  807  297  720  921  610  553  418  305  33  616  222  613  276  718  679  281  946  77  73  168  105  647  816  395  707  519  459  167  666  299  524  
68  984  607  984  753  421  541  614  685  245  152  349  137  869  577  366  386  610  888  371  202  583  44  490  373  857  477  707  473  888  206  370  199  484  33  160  319  457  379  452  416  953  694  18  228  165  501  862  321  872  554  543  212  895  331  923  369  569  116  506  429  623  46  425  116  95  100  710  63  819  606  483  573  537  574  793  106  535  960  763  101  382  983  555  235  112  970  196  33  550  950  6  382  914  325  80  375  533  684  85  
437  167  322  845  937  721  804  23  927  576  965  232  328  913  571  194  57  419  693  836  921  621  56  290  48  429  777  385  59  730  437  353  188  127  419  343  775  101  267  974  751  867  273  858  102  149  545  304  11  622  598  797  118  571  614  402  887  781  741  649  709  706  338  598  690  161  646  341  451  129  664  436  246  245  478  852  612  749  887  522  758  780  899  196  931  898  187  802  703  142  837  931  32  273  904  921  2  537  782  842  
443  80  103  252  584  745  130  588  701  903  983  634  28  154  728  77  93  751  141  207  996  330  622  140  913  195  339  564  384  186  592  99  584  888  332  914  649  891  681  659  606  150  918  758  659  475  703  83  104  710  606  915  371  455  291  272  555  715  119  349  728  544  110  811  617  435  195  34  917  600  157  808  315  765  735  897  693  468  158  467  487  451  67  876  454  249  368  898  699  135  687  935  254  976  966  984  15  831  559  744  
704  60  268  605  799  754  744  543  664  808  472  240  654  497  552  365  226  771  794  671  492  737  233  574  126  13  131  539  177  902  821  696  143  889  281  535  279  527  387  380  646  275  473  15  515  38  440  626  99  713  643  203  731  670  759  806  868  532  778  595  129  797  641  103  116  389  337  122  950  545  565  732  957  50  486  804  447  349  289  775  517  520  897  961  51  162  406  756  108  560  678  730  59  976  383  248  980  180  534  577  
40  460  226  635  696  792  850  691  80  577  157  144  493  235  192  62  489  930  417  34  235  261  3  677  204  251  714  55  187  168  46  497  91  348  237  486  154  921  145  407  210  376  361  466  237  55  914  206  105  864  486  230  507  496  557  247  903  458  96  240  342  560  117  893  152  205  995  664  665  738  71  357  96  596  728  975  154  534  397  212  750  969  911  947  137  668  41  437  593  697  75  575  679  485  381  810  622  587  961  493  
904  631  497  968  143  298  168  61  632  687  636  221  772  280  545  613  49  38  465  11  686  795  823  144  699  197  372  572  230  698  576  9  506  475  458  13  898  598  555  703  12  676  868  269  512  923  272  952  567  433  12  373  89  526  594  784  743  660  45  783  783  846  175  288  805  882  270  384  550  348  230  417  240  513  672  527  214  909  847  520  416  721  91  806  135  268  302  738  717  869  84  846  235  122  153  414  620  176  354  652  
335  248  757  568  114  650  876  848  9  425  572  17  830  923  444  410  275  259  273  442  659  812  46  238  982  508  889  8  539  682  465  142  87  86  643  646  628  924  748  340  742  997  561  496  390  490  202  407  945  101  741  468  555  102  518  298  493  718  884  505  902  332  935  914  469  170  677  529  956  339  469  710  920  875  555  48  557  691  577  319  607  751  830  356  243  174  64  127  683  846  46  236  201  233  24  428  867  775  224  979  
956  554  817  643  380  504  733  557  981  585  814  159  726  765  570  846  973  472  593  57  157  966  434  263  720  909  225  63  437  899  189  186  666  973  975  943  93  440  365  355  580  864  931  562  460  779  619  703  703  481  564  467  671  779  566  118  775  261  845  23  120  320  435  969  784  720  536  61  856  215  349  54  156  749  567  333  629  733  574  345  51  573  157  826  868  217  172  131  602  676  320  986  680  860  373  837  212  976  346  282  
232  857  58  42  123  227  251  292  925  311  207  962  279  814  984  186  0  140  409  139  477  326  271  538  536  817  654  768  569  145  248  105  394  690  720  636  435  407  309  530  470  141  466  373  286  538  522  254  808  592  280  67  388  728  285  827  917  140  643  624  298  494  246  176  201  790  450  711  554  620  80  28  671  970  762  6  627  813  29  995  736  256  623  126  107  93  686  779  746  721  328  559  293  867  585  169  66  849  366  230  
803  934  352  158  946  68  780  289  316  138  728  85  11  602  376  768  926  394  550  572  555  940  960  899  861  108  699  816  592  214  806  16  753  658  585  123  275  781  756  267  172  285  332  896  950  97  936  381  625  698  426  154  486  521  361  311  734  487  274  946  520  931  639  646  122  11  584  416  815  83  38  446  607  419  143  111  292  760  795  553  568  697  285  203  900  932  77  959  140  253  170  547  390  954  565  253  929  198  16  321  
618  808  173  0  777  303  620  686  58  324  92  616  567  196  899  873  907  673  801  384  618  612  270  663  453  73  667  265  521  774  86  489  999  697  111  252  54  438  495  91  267  434  737  167  283  919  321  648  327  179  568  636  830  639  34  609  713  242  446  279  512  584  940  341  378  426  742  222  865  43  149  295  700  916  452  273  150  572  673  573  620  616  752  809  123  275  730  909  511  738  562  178  689  639  584  760  288  679  855  514  
320  618  521  881  520  631  26  433  677  641  345  988  668  562  723  801  909  955  722  369  179  373  59  30  616  399  285  264  149  28  21  149  270  944  103  355  68  743  911  509  917  842  69  1  118  367  126  666  96  147  975  751  648  767  189  751  81  277  136  591  212  37  6  737  791  656  3  530  92  624  782  529  232  194  7  407  564  689  877  135  440  120  780  4  243  444  179  673  583  20  996  993  570  934  52  364  231  79  498  818  
91  718  621  815  315  997  773  699  650  765  548  893  785  134  590  387  791  984  546  233  744  968  53  243  626  858  340  401  26  464  895  582  229  612  358  164  555  56  227  873  373  383  590  806  927  399  127  145  145  238  238  81  679  950  7  169  209  215  322  732  309  839  702  299  991  144  437  117  410  582  611  972  881  947  408  832  182  817  253  82  372  716  603  447  944  50  575  487  458  415  985  913  538  785  292  293  589  172  128  741  
382  643  179  433  297  69  102  709  707  184  51  33  837  324  613  326  223  606  320  344  874  375  887  684  318  833  276  519  706  390  226  160  745  108  982  107  873  657  412  275  984  823  726  299  175  284  615  626  512  440  102  457  308  236  462  473  365  76  378  870  514  800  254  298  713  781  432  903  870  603  389  29  362  338  833  100  639  286  750  31  288  68  149  125  373  56  867  309  715  637  610  877  210  471  665  551  881  217  750  345  
228  654  511  375  405  142  744  864  745  343  486  929  409  621  450  377  832  624  930  907  732  592  817  753  822  424  702  196  340  252  403  693  502  960  740  950  349  102  615  890  47  883  283  821  768  335  528  937  890  240  94  223  357  922  890  662  57  437  731  963  728  802  915  742  593  147  753  268  615  967  883  622  704  550  504  750  81  927  667  545  167  612  180  293  152  742  577  32  848  883  538  594  696  264  722  425  144  596  929  687  
533  908  263  466  566  700  274  959  256  72  632  228  978  79  24  425  2  385  259  802  342  533  440  540  207  762  621  257  32  376  210  514  724  489  983  616  581  673  229  758  609  759  298  631  431  7  878  975  848  350  555  657  56  857  953  901  667  770  167  771  116  425  846  433  337  811  351  564  42  705  509  438  177  871  853  701  107  983  266  940  660  697  661  952  657  418  97  89  167  999  356  91  249  812  298  136  46  669  132  28  
713  487  702  332  298  996  429  83  682  114  375  723  388  183  461  868  614  875  491  781  919  698  793  12  434  237  210  859  457  539  497  65  213  201  563  810  1  171  951  461  487  558  666  664  562  612  776  665  827  794  565  667  806  529  137  707  540  383  825  295  668  746  970  586  651  361  209  126  827  439  246  310  183  309  367  855  636  394  625  699  474  177  665  777  826  152  96  692  571  504  189  534  189  286  820  729  30  917  324  27  
42  813  654  363  789  876  370  364  276  679  36  61  146  798  987  778  830  721  178  826  842  387  544  798  774  538  442  819  19  327  376  732  132  640  28  960  294  991  942  987  504  223  813  219  829  379  537  202  30  171  324  2  661  739  999  954  557  986  968  140  621  540  128  40  899  668  283  632  381  242  969  113  970  941  497  819  887  165  181  949  990  983  609  440  505  238  613  6  748  882  682  95  913  544  641  672  380  574  343  816  
863  873  61  224  784  557  451  111  309  920  517  823  138  755  405  264  922  710  880  782  577  399  477  321  442  223  863  57  132  777  580  92  991  40  495  406  237  116  216  620  67  440  642  997  710  715  557  277  115  913  386  350  23  653  540  54  933  437  878  168  270  242  519  311  586  163  778  782  20  813  210  549  620  609  227  337  158  450  548  779  200  273  632  411  561  695  787  393  765  350  930  79  477  44  107  254  819  917  44  420  
939  116  295  367  421  911  707  481  862  524  502  880  550  875  750  232  5  729  639  63  943  389  806  132  935  572  12  5  279  380  199  60  869  374  570  190  265  837  365  176  379  486  527  550  865  171  711  617  686  760  131  771  302  808  111  274  750  308  895  375  153  106  184  363  861  63  552  749  997  753  30  498  511  59  428  65  924  285  273  658  400  887  427  882  447  58  25  5  368  195  999  105  62  661  875  979  793  298  124  233  
652  653  690  803  567  895  168  950  68  989  646  407  751  666  907  408  278  286  416  746  128  514  16  127  178  543  923  146  620  619  626  990  714  735  980  552  271  47  703  713  60  806  779  260  662  246  360  241  710  185  551  211  802  416  918  884  400  101  581  43  602  518  958  935  349  449  874  459  731  590  862  214  273  774  252  797  51  510  861  944  763  72  180  918  633  254  822  13  708  251  830  674  303  592  173  585  319  184  534  930  
416  897  407  696  718  695  724  519  145  927  238  378  659  149  785  230  3  274  355  22  220  829  599  35  319  789  842  792  956  912  909  464  200  187  168  340  288  519  520  373  964  588  928  642  631  821  915  295  595  111  577  274  473  47  767  579  502  335  801  879  225  925  899  697  112  321  333  366  843  616  892  195  24  137  341  797  293  892  869  525  837  930  884  790  425  285  961  316  488  709  78  227  945  187  371  249  445  206  456  697  
266  311  124  757  865  467  235  663  121  886  405  964  253  382  225  885  672  43  656  36  665  576  142  624  649  366  586  540  521  54  951  434  313  777  540  79  27  894  462  579  246  590  373  144  327  256  595  685  81  412  497  46  981  134  276  361  653  297  468  135  690  534  30  108  669  232  367  590  906  44  72  710  209  498  970  182  39  594  551  824  785  526  32  734  64  587  204  27  112  258  453  52  634  305  367  45  666  753  674  308  
130  579  807  604  773  524  992  769  449  99  703  970  563  763  24  248  718  89  563  113  942  188  73  481  319  451  352  742  691  31  513  119  984  679  471  945  703  682  34  997  65  53  417  296  12  288  166  752  379  895  324  192  964  314  59  289  307  353  924  534  372  152  376  530  758  307  802  856  194  566  589  134  315  292  600  246  511  810  567  210  355  238  587  92  78  321  241  696  252  807  591  151  42  263  619  57  985  891  294  805  
435  966  677  768  227  180  753  536  441  35  916  819  379  36  748  345  607  86  773  227  980  119  390  918  681  672  141  800  357  188  278  710  302  468  430  15  141  442  999  169  510  984  196  782  181  141  612  338  860  491  179  804  177  272  668  446  548  726  35  347  174  505  294  637  886  653  916  560  517  242  670  150  777  533  370  551  30  220  302  740  432  517  657  905  126  643  165  829  128  526  489  519  129  519  691  358  975  525  802  69  
15  822  746  26  158  110  305  538  866  733  934  274  616  648  777  92  398  398  269  516  520  773  714  142  24  929  784  95  198  528  782  428  247  157  272  794  330  790  110  291  414  420  849  714  87  184  456  595  199  68  513  938  849  37  724  854  368  283  841  330  822  802  314  288  226  280  146  154  577  267  861  902  4  758  913  629  922  184  562  41  652  994  892  25  766  931  537  802  718  178  162  947  277  190  834  861  594  101  839  941  
222  144  337  880  546  519  133  418  780  782  251  234  857  707  890  310  564  235  774  910  76  217  208  88  916  562  396  719  612  304  8  632  413  48  448  900  978  242  454  267  66  237  294  499  425  4  216  748  438  385  143  695  160  220  654  547  329  289  10  963  349  851  923  783  843  904  68  910  930  515  474  101  663  544  969  710  138  200  593  592  417  217  367  807  68  672  552  376  608  262  425  100  15  757  731  710  764  245  162  986  
916  223  212  579  240  197  454  545  543  707  969  102  328  719  84  260  6  529  771  972  436  734  605  237  527  95  60  880  939  569  726  76  446  193  320  962  776  790  921  767  508  698  20  9  136  334  104  488  520  562  482  939  90  270  50  100  210  823  235  249  653  41  659  440  850  461  10  438  828  136  712  28  421  481  887  710  77  980  832  97  144  655  281  217  677  352  60  948  298  361  226  775  541  641  110  851  782  456  823  554  
848  927  381  468  806  146  741  969  346  371  807  34  200  804  765  393  682  273  542  25  125  159  816  812  184  709  339  263  788  110  114  172  183  495  485  11  419  819  994  645  51  545  51  856  902  606  328  744  412  973  709  264  581  504  782  228  577  73  222  714  202  577  623  573  710  828  348  278  520  696  987  935  606  152  718  773  429  393  72  826  624  232  189  643  248  773  306  925  901  737  515  391  347  127  171  692  328  682  46  783  
921  571  851  579  84  301  133  734  648  784  985  722  641  557  745  200  984  108  511  657  983  504  53  706  282  356  137  379  681  301  303  52  562  219  838  452  139  4  20  880  301  607  877  789  540  906  527  706  779  241  105  156  300  700  417  823  997  75  309  478  558  880  82  128  215  841  192  847  63  393  703  254  583  995  602  294  109  226  737  997  876  503  220  484  728  935  235  75  431  784  924  259  107  289  92  591  12  435  246  600  
755  432  561  668  10  959  315  666  294  224  260  549  398  818  53  747  422  511  247  16  876  576  312  52  83  586  745  917  102  285  411  722  604  285  567  286  809  271  780  933  838  738  875  478  311  279  127  165  506  438  657  652  336  734  503  125  563  633  620  103  127  602  747  546  157  108  557  304  650  640  610  11  687  210  964  549  410  537  103  208  241  465  596  778  910  63  781  428  686  480  91  391  892  950  723  4  171  920  695  647  
248  541  600  999  414  53  617  253  170  836  223  662  591  596  933  790  604  854  788  955  921  924  96  339  793  574  197  11  577  423  376  926  15  531  354  270  542  303  183  841  869  621  661  483  31  963  80  132  749  527  538  654  247  841  784  742  491  101  63  524  108  19  805  248  587  381  357  507  283  748  402  599  558  376  76  876  645  914  905  449  501  727  130  363  325  851  246  772  828  559  181  163  615  602  882  587  224  879  516  595  
58  520  254  898  609  983  737  317  279  789  235  207  8  33  321  148  527  598  176  809  977  713  193  803  47  654  355  218  666  566  675  162  327  343  822  847  522  24  135  474  806  855  579  660  946  186  282  813  544  878  208  665  255  711  49  497  696  780  636  202  45  782  894  211  245  653  983  480  949  703  50  350  577  6  973  459  431  997  545  811  620  511  891  137  808  347  713  432  765  480  64  581  309  889  474  60  873  782  109  787  
926  599  702  30  969  189  101  848  539  758  210  370  360  468  101  428  610  756  563  853  138  590  412  201  646  981  842  934  742  845  244  682  81  996  816  309  13  951  951  383  315  930  689  142  808  507  914  957  927  355  285  556  356  434  76  200  828  942  794  192  793  104  591  115  290  851  363  321  286  257  926  60  681  804  235  138  399  238  389  394  621  710  570  937  439  416  636  112  148  991  62  420  613  81  180  65  717  575  923  467  
827  416  255  675  138  25  779  763  185  875  755  606  30  224  886  79  974  731  848  876  680  756  643  214  399  45  245  784  894  165  724  410  446  38  206  409  418  972  726  372  396  596  448  766  872  334  246  691  54  449  963  696  141  954  396  564  163  768  623  525  241  736  243  120  739  464  247  65  165  945  591  523  97  238  720  92  670  75  501  376  474  908  298  577  199  60  350  536  364  423  677  562  34  220  835  762  583  346  549  943  
392  29  354  562  902  181  639  918  659  20  767  403  319  178  889  993  771  887  35  462  846  164  477  949  237  950  688  219  77  328  366  239  197  531  11  797  183  573  248  334  581  420  896  920  32  773  172  6  379  446  529  316  86  667  913  913  711  569  991  40  330  661  876  149  209  736  22  361  623  274  344  162  183  127  21  555  58  266  622  635  428  125  355  100  856  834  310  858  170  425  235  621  930  567  907  261  401  7  424  354  
635  544  947  557  612  130  441  519  616  733  956  548  75  449  670  618  87  92  88  28  763  179  976  510  368  809  945  4  919  149  188  35  350  466  333  476  226  992  696  393  863  163  402  13  658  93  492  724  615  93  506  939  622  819  970  950  745  30  896  677  888  156  839  890  533  806  521  297  636  430  407  116  370  925  772  882  311  245  219  884  309  840  466  180  864  372  398  658  184  67  798  4  745  75  667  384  476  782  916  490  
526  735  281  661  46  802  254  824  732  166  295  766  189  451  442  569  563  674  831  613  9  133  388  341  20  875  854  68  110  520  570  785  892  687  314  208  318  661  467  585  719  148  642  16  578  624  367  336  292  945  106  308  857  918  457  332  607  90  539  304  343  582  727  748  570  851  270  0  631  450  128  467  266  970  482  339  545  820  108  412  816  367  529  195  732  107  224  109  805  60  911  881  316  773  695  966  780  878  650  114  
925  436  681  921  907  588  738  326  781  963  543  633  457  701  698  589  349  976  436  181  217  284  669  482  48  969  461  819  550  141  289  146  539  521  482  895  380  62  479  331  547  737  114  819  685  201  112  647  185  49  450  86  81  982  25  512  377  270  526  464  324  259  799  219  565  795  414  433  779  29  819  95  798  282  690  111  790  222  415  813  348  26  726  574  367  687  135  543  856  944  830  23  930  420  529  858  400  951  298  299  
195  117  988  430  339  202  779  311  362  993  716  858  264  638  956  896  745  410  732  466  603  227  897  422  548  245  234  179  616  570  970  394  431  425  558  987  565  437  705  769  740  685  474  155  436  315  719  624  722  900  283  862  230  507  778  775  926  34  342  649  864  494  378  193  405  429  947  339  105  263  15  96  671  342  357  316  762  420  956  50  54  695  776  423  644  292  807  888  356  965  561  521  157  272  942  627  536  62  337  193  
827  931  554  776  489  817  130  176  526  116  23  587  168  698  679  592  74  985  554  492  194  684  504  775  938  556  57  454  308  159  91  683  798  791  950  669  596  985  748  852  253  992  564  749  726  239  637  374  771  560  952  352  436  723  6  382  772  453  736  190  876  436  518  970  318  213  175  995  534  419  543  28  739  957  670  422  379  426  933  893  884  91  508  54  543  477  983  547  822  137  503  645  846  834  268  341  904  243  872  271  
722  242  967  483  435  765  451  73  371  287  100  712  896  319  36  76  669  910  816  746  541  571  90  200  797  684  723  254  696  883  111  371  820  611  313  334  713  597  293  546  394  483  180  836  164  648  642  828  443  515  675  854  76  326  260  932  221  655  535  234  705  442  790  901  655  840  808  624  538  673  481  845  172  874  547  597  739  650  67  220  149  999  974  132  960  224  251  516  618  166  282  76  599  292  233  632  897  880  224  631  
18  677  210  159  61  894  724  222  810  769  226  719  864  526  461  535  220  819  241  172  352  821  50  129  623  685  790  656  813  653  269  165  252  757  958  874  81  254  412  404  20  881  677  761  478  741  490  829  645  548  834  680  907  129  874  5  757  41  559  553  831  339  196  830  229  36  487  60  92  971  53  491  998  646  470  719  957  287  595  488  191  591  164  604  663  774  238  956  900  644  130  272  19  230  24  95  552  760  378  824  
978  851  885  30  396  68  522  971  255  521  820  52  653  872  481  365  368  526  259  385  113  457  497  727  829  707  558  668  570  483  787  674  567  946  304  474  689  606  77  19  121  662  703  510  651  891  543  629  426  879  564  24  119  590  528  820  649  365  440  817  798  123  261  278  95  986  8  458  529  682  907  218  488  83  794  242  894  340  480  258  993  389  101  247  515  749  485  58  379  449  876  457  521  826  310  520  926  626  395  780  
41  138  679  444  814  907  696  236  330  791  352  863  370  259  163  632  56  828  266  597  519  618  573  889  150  461  968  548  352  939  444  946  613  508  414  29  377  818  757  215  874  40  949  568  71  581  464  783  723  829  364  57  57  117  408  652  818  929  768  823  354  91  376  72  448  714  868  737  380  941  478  504  211  946  321  385  141  56  498  50  88  741  359  587  501  885  664  215  672  736  705  508  198  150  393  59  447  153  61  956  
138  151  374  874  392  451  993  142  568  239  461  379  106  880  599  757  135  126  993  782  997  863  201  511  481  175  85  575  717  989  565  523  145  421  505  410  637  29  889  732  741  863  171  599  453  402  887  61  236  397  951  565  389  553  930  220  823  810  896  688  191  234  991  817  260  818  995  836  752  158  357  149  262  459  330  609  286  359  356  238  158  869  439  543  571  788  129  887  653  388  620  177  336  156  56  658  374  834  201  564  
682  256  672  911  272  335  285  518  249  795  938  92  922  283  347  985  859  163  770  300  885  888  975  551  973  951  620  138  909  370  886  317  642  656  47  317  240  856  209  42  665  738  373  11  836  666  538  438  394  41  81  568  508  170  764  869  833  910  63  125  484  397  806  955  129  106  598  275  88  497  897  568  810  951  169  863  857  686  77  851  652  580  9  726  839  951  7  440  169  743  692  463  311  872  414  340  814  2  929  142  
614  375  329  821  777  624  801  780  43  348  570  924  964  22  439  274  664  402  797  916  808  36  784  565  522  382  209  690  963  916  436  656  68  308  501  668  826  591  810  303  343  39  932  292  207  461  223  664  133  256  393  260  723  747  951  329  272  395  507  42  436  91  58  951  496  487  18  939  808  794  488  539  882  388  663  648  960  515  685  588  880  68  287  822  470  902  845  881  615  188  264  383  174  125  808  709  940  18  602  324  
656  787  463  332  518  118  624  580  76  645  700  458  71  98  804  627  660  682  134  448  850  724  965  54  5  133  154  288  238  305  724  939  365  671  170  206  265  417  897  939  126  807  362  279  861  295  723  322  897  403  925  58  517  680  565  715  484  46  364  987  736  440  137  141  212  482  983  965  325  546  865  618  259  613  49  933  533  135  328  493  690  78  351  860  292  787  444  337  167  102  169  451  472  421  191  126  464  944  464  661  
344  364  305  165  878  427  254  882  245  844  591  880  347  100  8  536  931  601  527  5  915  583  742  402  993  489  401  138  806  981  337  331  868  156  63  215  676  204  940  609  960  501  189  977  679  572  908  180  174  831  945  387  164  38  823  749  638  546  547  628  537  165  880  394  23  557  502  581  712  790  825  198  937  675  77  858  690  633  414  555  938  384  982  238  693  583  976  713  861  739  114  969  206  939  375  61  211  835  58  395  
975  492  895  125  302  956  715  56  186  487  972  633  577  329  210  243  67  382  701  225  497  65  824  244  889  245  699  818  862  683  695  444  340  113  571  643  922  611  611  422  952  977  408  58  384  277  442  814  697  919  97  281  6  911  116  467  901  326  560  21  907  9  346  789  476  674  792  338  425  885  994  569  162  133  158  882  43  681  801  818  452  686  665  621  719  201  407  927  230  529  514  48  61  423  310  514  275  532  580  976  
766  29  211  5  460  37  700  101  542  791  275  804  831  774  193  377  834  780  199  103  385  643  157  576  26  251  400  238  508  185  1  808  583  616  258  493  857  318  676  480  581  294  21  80  871  829  429  386  690  803  375  453  554  465  220  978  597  177  818  342  83  542  708  886  207  697  92  630  966  428  996  694  29  599  681  769  247  902  896  3  163  427  91  182  660  365  844  209  698  356  658  190  229  759  545  126  706  836  364  364  
447  484  734  522  392  113  53  316  532  612  792  175  569  335  295  133  251  148  329  345  620  872  75  361  150  648  724  724  292  638  478  842  31  248  318  378  875  805  341  892  1  676  671  780  976  324  760  647  933  330  430  198  129  714  674  884  385  957  56  341  697  850  998  21  466  620  914  922  507  169  123  383  707  35  682  565  268  428  873  256  515  522  953  932  180  629  34  587  755  865  307  324  325  205  153  24  797  974  620  788  
34  72  85  974  397  883  420  599  969  406  815  44  883  650  236  464  561  261  983  281  951  410  935  589  780  762  746  25  451  345  409  349  878  343  807  88  588  769  979  84  931  755  620  382  465  453  180  100  388  927  717  235  418  306  904  667  242  653  333  985  665  121  693  162  921  961  907  743  708  297  897  978  78  986  38  794  360  286  629  726  817  391  73  364  527  927  716  101  739  203  119  111  715  585  868  574  953  979  959  432  
816  375  675  211  494  52  384  846  893  691  530  521  20  207  590  9  395  859  21  68  380  95  451  157  244  903  953  725  984  640  750  319  509  590  244  237  200  407  671  44  412  478  697  873  433  310  24  246  993  211  352  69  495  158  981  672  49  477  97  171  884  580  260  703  862  76  466  419  694  574  198  585  807  477  916  826  156  805  707  727  846  131  193  13  321  307  201  764  789  824  120  28  943  340  454  701  871  92  175  689  
301  614  9  56  45  794  848  184  625  778  708  295  782  736  108  775  294  698  516  964  676  636  442  853  223  547  319  892  677  913  200  756  337  834  924  574  648  34  568  928  901  80  726  539  564  419  805  631  251  96  745  85  388  765  235  448  71  949  371  353  60  921  985  982  207  799  916  935  252  441  954  692  410  404  605  118  116  987  71  569  282  392  940  594  542  527  14  243  418  343  278  376  663  750  886  61  897  936  932  662  
766  995  120  434  661  881  470  381  907  883  239  601  216  991  42  152  464  742  456  409  902  941  77  980  11  813  314  412  236  145  248  496  890  380  239  173  578  852  828  108  349  871  465  179  218  160  366  555  918  94  597  86  870  170  211  690  787  194  314  319  957  247  972  593  707  311  411  793  581  736  707  22  413  466  56  444  658  80  116  247  604  171  313  110  102  434  868  174  908  137  282  498  518  837  837  164  469  570  431  571  
755  905  352  9  375  482  690  631  757  561  560  295  740  472  239  493  65  841  845  500  618  22  654  105  980  336  974  70  213  968  392  293  350  308  301  686  904  713  841  15  848  226  215  360  469  507  212  760  645  4  1  367  672  597  722  768  100  387  443  314  567  204  643  629  139  556  680  932  852  277  810  610  53  180  580  461  577  798  444  626  701  343  780  195  434  34  137  764  472  394  393  438  390  11  466  621  455  302  869  869  
870  920  144  508  298  30  715  515  100  982  979  239  805  221  250  358  173  17  192  512  438  874  915  52  847  482  289  787  796  893  790  397  435  319  769  215  617  273  297  966  491  224  589  171  993  586  392  634  676  709  771  976  737  886  885  736  125  91  502  42  168  446  585  250  454  310  455  936  320  275  992  409  770  662  485  506  213  979  441  36  196  220  390  328  36  635  259  727  885  963  739  583  517  11  377  878  820  737  703  604  
282  791  22  441  540  69  880  792  381  675  817  911  529  72  372  460  805  92  186  853  186  310  949  836  737  571  538  221  8  420  965  854  554  362  799  610  989  113  362  385  373  510  125  840  70  990  226  816  351  437  685  782  721  872  816  775  934  135  921  309  807  386  277  754  998  503  693  831  402  309  711  898  849  9  848  979  600  578  341  425  613  691  200  349  413  940  903  946  322  69  953  384  556  393  122  660  521  523  422  317  
951  639  754  854  141  895  878  195  858  480  230  602  717  641  200  551  915  976  624  219  264  593  758  866  164  131  225  344  918  137  77  24  463  498  680  97  973  909  923  949  976  212  164  38  978  76  112  136  935  455  869  893  179  558  957  897  875  598  166  251  451  245  127  92  711  369  261  943  117  894  212  557  520  290  689  83  672  199  364  579  460  660  819  820  185  816  377  599  220  388  517  447  19  676  839  620  266  130  829  196  
362  542  612  718  83  86  74  701  18  462  296  829  646  413  654  653  773  748  798  392  75  451  210  394  778  793  193  84  45  367  164  204  358  282  103  613  280  756  523  454  702  638  177  489  122  388  257  282  874  845  904  322  901  877  720  775  764  88  513  386  11  741  485  540  62  541  426  613  856  120  728  395  423  378  554  604  196  966  417  985  670  639  28  615  270  743  596  610  197  918  884  591  865  249  541  495  126  916  263  916  
146  501  365  865  449  591  951  938  479  839  554  829  540  447  341  835  449  637  282  839  441  983  693  850  242  397  672  425  995  882  716  140  832  168  629  843  808  248  901  318  231  275  280  545  944  864  543  451  866  347  750  18  460  614  552  517  251  62  970  206  191  540  901  849  566  846  845  917  928  602  670  958  786  310  447  132  94  503  54  291  631  716  131  896  410  271  289  637  519  664  487  370  480  197  836  40  145  65  689  211  
285  999  976  243  25  836  602  743  129  407  943  639  169  478  230  100  839  422  189  694  635  782  466  577  456  913  871  437  180  942  260  57  611  830  95  620  482  617  878  967  511  597  357  234  686  252  427  761  263  0  487  771  579  630  272  952  196  13  690  628  740  89  884  851  758  640  958  715  785  665  823  561  915  828  101  785  498  113  534  901  574  593  707  873  66  371  821  809  969  908  503  544  133  358  571  542  418  684  592  373  
185  319  241  856  217  168  65  439  665  979  339  636  544  732  478  4  532  592  525  898  129  594  476  22  898  73  526  893  315  875  196  285  159  561  104  407  165  750  343  194  205  724  677  496  569  805  315  871  566  35  795  438  138  460  684  689  407  630  945  956  325  939  715  120  127  209  879  892  83  97  250  836  781  249  969  446  29  360  646  535  796  6  596  505  54  118  419  247  970  993  799  39  997  207  547  602  19  116  987  947  
783  557  143  657  435  686  691  547  368  90  859  383  465  518  500  679  563  138  806  241  724  669  397  754  533  716  503  734  266  950  912  974  286  271  329  518  99  959  607  146  439  207  775  812  874  351  719  149  772  223  928  646  323  64  207  745  122  845  891  385  438  100  90  827  970  763  180  863  442  728  456  295  972  498  197  362  690  541  712  37  780  566  973  408  883  956  937  609  896  311  52  311  203  392  564  44  72  884  284  143  
251  741  827  286  76  71  353  133  702  852  589  581  897  365  313  564  663  638  935  140  772  109  989  779  54  934  67  503  556  286  206  956  403  514  836  355  988  131  600  544  921  504  320  8  806  816  529  85  244  307  844  720  920  347  826  154  523  140  403  199  498  693  284  767  646  771  215  322  366  145  12  968  720  165  510  618  383  601  960  824  853  645  526  24  938  678  119  560  525  613  776  920  383  182  581  119  447  971  688  120  
975  989  652  760  302  863  274  567  167  471  90  841  303  945  991  336  716  785  49  616  768  293  606  406  669  445  378  710  66  432  50  184  780  540  9  981  928  385  210  204  836  763  924  292  541  603  307  21  587  417  115  903  9  111  288  862  809  749  665  665  285  644  58  85  71  481  185  291  529  249  104  811  625  675  489  940  236  151  240  945  468  953  658  145  724  481  963  490  0  546  285  979  353  244  148  397  790  377  79  590  
486  97  753  386  106  11  333  877  680  72  896  642  697  741  176  473  796  661  355  976  28  240  418  793  124  605  132  76  155  143  239  945  387  375  393  452  915  781  740  333  300  44  592  674  216  618  51  4  214  184  324  619  690  12  269  607  178  409  22  724  972  840  501  152  3  317  179  37  480  592  51  870  916  718  612  375  972  731  430  661  21  694  953  783  935  338  136  504  126  573  253  506  355  918  990  289  898  32  525  41  
757  925  757  28  605  225  760  492  200  957  982  498  742  899  831  464  997  677  106  841  141  613  190  811  78  736  725  598  549  604  1  468  502  458  366  469  179  874  991  925  810  267  517  908  356  995  682  875  26  745  116  478  490  4  637  914  984  816  774  260  448  765  580  51  367  387  139  147  49  622  543  895  468  97  425  162  340  330  430  978  641  11  780  418  538  992  981  115  724  730  662  254  478  591  258  680  532  315  367  290  
115  679  730  956  612  612  678  710  18  116  375  211  741  182  157  866  329  388  572  210  272  250  488  161  108  45  254  49  993  862  470  816  799  602  116  930  341  855  590  165  272  973  336  857  252  750  219  522  170  467  556  915  639  429  784  537  965  621  893  633  850  649  156  783  982  515  427  676  51  727  863  763  221  56  22  384  240  48  514  997  393  859  362  331  781  878  195  449  581  826  283  476  603  479  878  403  806  406  345  654  
