

Matriz a(Execução Sequencial)

394  301  281  321  347  325  490  85  423  957  784  96  235  386  29  362  718  246  851  701  543  786  290  162  389  202  973  605  151  309  998  623  988  927  112  374  220  181  379  75  542  324  713  919  347  182  711  939  663  26  392  666  888  718  355  357  294  908  877  188  627  711  441  956  468  209  988  193  917  370  925  489  755  591  657  802  395  708  733  273  416  335  324  592  914  235  649  795  593  949  678  944  768  183  154  896  463  999  514  982  57  971  374  3  733  643  708  116  335  770  698  817  646  555  412  386  513  100  838  192  706  193  244  253  420  512  293  73  481  813  405  418  788  234  985  511  510  836  302  137  772  460  898  854  653  688  724  124  201  438  176  471  132  156  498  383  338  575  292  120  429  799  659  519  786  971  379  710  538  62  2  773  948  981  794  990  63  715  152  106  934  492  450  740  764  666  654  738  310  471  909  556  664  160  934  635  159  26  719  399  
774  717  862  628  157  249  493  794  339  368  948  104  852  386  152  229  445  711  618  482  660  997  243  407  37  806  531  769  671  844  561  92  574  524  52  803  625  349  999  241  171  99  819  995  311  485  519  412  308  575  67  572  88  884  370  94  937  323  174  613  982  309  597  882  517  153  408  916  341  60  517  533  859  416  282  413  435  640  322  398  356  565  933  515  302  432  15  421  567  661  386  755  784  680  7  333  855  742  616  293  782  355  761  723  64  171  981  908  12  95  53  798  770  567  75  315  690  614  421  575  516  486  565  703  322  153  708  16  889  225  359  353  447  853  90  487  998  104  376  171  726  39  285  673  217  407  203  184  80  457  376  129  379  475  273  197  806  164  263  328  559  852  280  700  187  654  577  812  880  99  935  894  861  347  589  443  478  938  327  454  948  958  268  342  561  593  659  170  497  783  341  0  316  164  984  123  992  779  155  423  
539  47  637  929  46  328  337  631  724  469  876  313  786  624  110  635  186  226  390  697  455  323  128  134  213  574  418  232  488  279  629  707  682  554  559  312  227  825  189  282  520  426  637  966  958  547  537  196  72  259  584  6  549  758  350  795  677  36  836  313  49  310  227  565  610  230  137  424  929  43  38  40  774  22  64  983  493  404  426  813  938  535  139  717  61  867  131  270  744  635  136  976  822  989  623  577  782  961  31  755  148  249  766  828  113  37  943  898  9  334  835  305  66  188  956  250  388  255  625  521  572  902  491  915  82  336  671  442  107  701  372  775  473  903  932  379  805  362  543  690  343  397  626  900  924  429  839  945  631  221  94  937  34  459  705  405  867  410  894  981  860  823  741  807  194  498  257  897  751  611  180  403  307  318  642  492  886  21  352  223  736  257  925  897  329  389  798  666  628  55  336  462  678  67  750  119  293  285  587  145  
539  187  497  66  442  397  864  315  73  458  418  47  780  584  83  199  955  471  381  679  873  203  66  81  52  853  835  28  468  309  821  912  700  125  467  385  198  709  646  270  611  574  394  21  208  717  874  652  684  615  500  982  70  603  254  289  563  905  176  392  341  437  195  842  439  991  455  454  820  474  818  368  872  519  604  549  742  781  904  375  633  847  373  565  238  219  395  346  598  770  656  889  642  529  546  698  911  187  815  467  713  824  808  654  491  751  164  923  372  35  864  362  725  341  957  863  975  830  850  594  994  302  8  729  689  70  677  997  625  30  799  862  799  572  682  12  961  803  29  827  708  612  823  50  965  755  479  88  124  712  841  539  107  256  460  694  436  583  304  422  96  405  125  466  908  786  926  965  581  367  756  714  308  875  984  922  749  318  184  4  865  629  59  610  972  979  232  75  817  105  807  499  513  194  827  716  426  717  71  30  
524  199  654  706  719  764  183  935  224  226  829  455  394  850  236  242  377  572  983  173  770  903  151  862  471  762  726  182  647  537  418  523  889  239  52  913  544  228  96  805  266  963  919  934  963  11  417  352  839  600  126  758  629  437  963  675  607  728  602  221  717  427  313  495  945  658  749  26  885  990  704  703  225  813  341  531  456  467  292  72  786  753  89  388  829  976  599  759  652  866  202  990  354  358  114  31  655  774  323  977  89  406  890  818  94  883  314  300  790  550  3  701  885  884  316  977  862  155  552  750  499  51  964  708  920  102  56  951  376  478  92  122  288  249  226  378  167  859  809  108  439  145  890  980  989  285  403  395  739  843  489  324  519  687  802  163  677  120  216  578  264  941  418  2  189  931  428  834  592  80  231  367  144  927  356  41  981  984  321  149  922  483  694  212  949  241  321  759  580  671  325  693  738  488  65  459  246  62  237  751  
980  405  312  33  741  980  500  343  778  881  779  739  998  967  843  467  993  438  37  692  416  568  971  12  642  388  375  43  246  696  432  21  760  591  231  943  818  613  641  627  823  771  373  922  179  524  829  36  766  675  185  431  975  390  302  962  293  515  494  581  577  365  681  431  631  395  234  67  499  309  116  736  609  988  875  876  85  725  807  364  424  90  26  675  364  102  987  412  463  178  363  405  43  280  653  746  414  819  467  51  757  529  635  348  987  391  552  343  568  327  813  527  541  456  84  563  11  370  157  862  419  333  458  31  984  149  15  546  352  164  855  130  850  940  89  793  690  975  386  493  64  581  787  929  142  481  107  365  704  585  200  235  901  440  359  80  132  745  571  986  162  514  306  220  239  907  426  211  697  721  19  52  817  860  166  125  465  113  627  116  422  148  57  80  579  63  301  130  363  495  950  967  776  305  487  37  977  297  883  967  
925  578  791  223  263  159  753  488  18  188  815  741  619  898  658  720  422  573  498  155  945  364  706  53  293  109  107  441  274  66  271  689  58  108  972  979  766  138  233  13  652  502  884  362  10  796  169  169  100  896  736  958  794  923  869  375  573  145  651  221  552  235  90  813  235  556  364  266  162  2  664  489  596  930  318  265  687  272  610  396  417  834  395  895  2  600  491  178  981  179  912  284  901  863  121  918  940  646  117  298  471  138  196  752  957  86  929  636  854  17  447  848  568  313  857  362  429  712  806  881  529  30  865  641  847  362  414  161  266  614  201  741  897  302  537  301  724  612  465  145  251  76  870  127  702  903  564  507  439  302  644  714  708  765  744  618  408  641  304  681  801  679  444  713  108  747  585  413  884  18  449  819  722  212  211  518  999  41  481  414  420  375  384  398  298  973  523  683  462  920  456  684  596  583  996  841  212  948  50  444  
858  146  446  462  527  510  624  736  685  699  612  752  560  566  927  948  584  899  476  614  163  745  467  731  280  377  875  481  789  390  55  741  586  185  164  855  574  29  51  571  943  41  393  652  816  95  563  438  658  121  151  184  557  739  870  253  320  168  254  894  492  780  140  509  926  371  375  248  620  677  135  176  799  535  131  646  726  103  746  721  243  748  306  638  655  999  901  836  304  642  105  922  643  323  254  408  181  820  802  703  979  83  888  190  729  345  392  298  719  434  463  121  440  280  943  571  52  539  978  213  318  953  240  395  999  998  376  569  105  56  770  607  448  458  203  383  730  587  778  428  376  578  623  473  748  673  803  722  850  155  243  739  163  514  534  620  565  969  302  349  398  723  43  92  551  335  403  136  558  161  126  328  715  941  933  390  252  794  66  353  36  9  803  971  374  617  952  953  623  57  836  32  505  289  553  394  884  293  756  860  
32  686  983  147  557  799  85  683  603  545  856  644  6  787  630  977  377  18  234  406  67  745  719  197  310  989  432  589  548  96  322  720  860  536  611  632  851  987  195  141  646  609  608  733  843  445  449  504  968  881  312  439  291  198  850  409  72  301  467  682  209  637  946  824  584  561  100  211  719  229  548  336  841  629  536  914  553  514  934  718  944  626  54  89  796  571  785  88  740  115  87  179  720  471  215  711  221  398  535  432  183  546  243  319  198  18  658  981  939  783  20  364  924  137  663  814  595  460  105  701  853  93  896  558  366  275  693  851  617  804  455  683  653  357  388  351  852  77  226  980  141  174  676  993  153  929  408  204  27  166  589  677  288  957  794  566  493  892  65  485  560  989  66  680  287  554  660  572  21  856  182  866  115  822  524  7  323  864  429  342  679  92  913  100  72  728  704  63  299  190  718  548  61  342  858  68  224  30  53  410  
597  928  720  395  881  872  495  66  245  985  506  976  885  147  209  365  210  194  831  517  586  30  536  866  173  315  164  9  331  468  598  468  905  713  877  804  603  546  505  32  971  847  386  350  391  390  442  85  465  727  931  869  32  463  667  83  91  472  180  429  486  1  904  910  725  487  761  543  381  928  239  251  690  215  426  244  75  385  999  135  858  171  944  697  71  918  668  285  204  872  622  595  707  552  904  678  660  62  984  866  747  653  587  983  846  709  198  623  940  337  156  8  880  890  514  279  533  910  510  274  244  857  93  999  832  734  499  734  547  498  318  927  409  741  555  338  90  469  58  194  285  337  238  364  200  240  404  834  469  627  669  558  806  925  902  285  984  206  445  667  781  894  790  460  643  804  875  414  683  659  922  873  924  806  224  423  550  976  803  902  914  154  838  343  494  498  421  826  991  532  616  208  223  640  653  836  398  976  862  943  
980  451  409  160  972  875  238  724  620  72  635  375  682  215  139  871  673  994  302  936  657  373  698  754  964  962  383  700  932  690  967  507  2  793  604  419  225  780  132  320  105  890  0  361  416  852  194  482  546  739  701  149  49  60  358  157  81  586  71  638  986  600  53  116  88  657  367  182  759  438  119  574  319  179  917  889  863  279  983  669  846  663  373  716  277  158  792  276  305  114  739  664  964  693  945  318  171  422  670  133  42  733  274  155  971  832  312  849  597  124  500  140  737  467  411  281  520  702  701  988  921  263  925  84  702  486  945  559  134  982  836  637  934  43  201  43  48  347  891  135  173  30  511  883  310  947  443  968  790  296  96  768  580  485  130  0  69  478  800  928  198  147  399  241  70  670  329  210  314  121  563  662  683  361  852  701  850  707  712  454  947  961  429  566  47  496  718  79  331  330  274  8  150  723  969  669  376  962  845  131  
518  734  915  642  931  18  829  935  376  518  328  693  315  300  664  360  917  68  204  549  950  892  948  505  27  64  671  141  367  338  729  619  912  470  713  223  928  188  120  653  141  178  445  931  90  181  502  122  859  93  289  343  360  779  553  928  457  119  180  885  936  554  17  77  75  76  511  306  440  731  408  786  756  954  972  179  828  809  658  482  365  487  105  231  718  672  541  225  155  660  438  682  349  383  570  782  868  870  698  205  902  36  577  739  329  825  745  217  709  588  112  361  6  901  856  227  285  474  541  823  917  531  911  78  419  68  15  938  870  967  245  846  614  859  704  827  66  485  984  9  65  857  21  678  682  629  82  86  471  410  43  567  44  792  236  159  422  845  844  460  710  506  886  264  268  986  728  952  801  848  220  399  981  124  284  843  558  425  962  796  530  702  982  348  276  991  352  984  610  703  149  425  767  876  999  471  676  592  501  395  
778  311  802  223  915  338  665  141  622  654  894  41  552  305  479  115  976  516  425  469  515  390  935  653  934  58  629  95  187  758  700  563  770  998  982  294  640  670  160  504  525  817  400  57  519  264  603  152  292  778  497  586  677  180  349  659  991  966  268  917  723  178  759  138  196  345  708  855  312  564  326  159  768  748  428  480  194  142  831  919  638  183  341  523  349  319  267  984  277  437  896  643  737  191  548  885  717  548  463  502  39  1  558  679  554  204  576  923  124  600  623  515  959  629  337  997  957  683  966  536  500  339  660  879  81  698  79  111  641  587  516  799  402  504  924  307  824  301  990  77  659  865  357  113  38  745  249  930  266  283  681  886  729  732  54  276  735  302  234  533  211  706  863  726  411  182  949  336  789  211  963  82  26  237  271  956  460  544  680  232  705  955  904  951  520  860  728  934  751  680  75  563  487  637  412  935  959  102  300  538  
630  898  443  942  413  193  920  921  680  380  19  290  740  168  200  679  932  894  918  577  574  235  749  13  274  407  87  359  339  756  133  333  174  517  346  557  111  984  828  108  803  522  582  676  536  309  955  641  33  992  582  145  702  923  613  206  936  62  115  585  321  805  340  140  34  562  675  635  438  911  776  992  4  670  669  347  434  335  639  818  828  621  770  290  732  661  213  746  852  260  125  625  663  908  342  468  541  795  443  573  829  257  918  146  69  787  988  273  468  657  344  638  545  144  255  401  669  716  763  231  875  326  241  931  335  302  894  296  28  270  214  733  824  306  85  222  626  943  46  756  476  927  904  152  475  622  929  585  331  981  475  191  720  753  467  395  719  534  440  269  202  149  280  585  59  151  422  728  104  757  688  222  476  286  589  581  991  980  732  662  739  651  215  703  711  631  646  117  521  577  776  927  92  429  165  772  610  691  167  379  
10  392  358  413  994  633  250  697  760  220  483  284  762  67  789  98  646  837  248  46  11  874  851  465  102  522  224  562  233  835  651  763  653  734  28  292  305  69  636  351  379  235  596  7  922  607  944  693  230  367  259  792  88  173  100  776  859  216  54  584  308  370  190  638  237  937  629  752  972  173  925  12  259  141  801  195  529  286  893  748  830  904  188  505  91  55  640  648  176  667  51  360  143  204  621  70  581  463  447  691  665  173  131  499  933  262  887  413  554  393  558  258  840  542  950  732  322  371  865  372  984  767  539  64  462  222  602  31  738  354  644  890  259  586  258  210  668  642  729  816  296  310  801  684  72  140  975  637  944  605  205  273  495  376  697  307  421  100  867  967  767  831  64  906  461  927  732  410  741  964  460  327  97  961  146  398  251  893  841  208  136  626  463  235  282  449  187  741  344  200  644  624  704  778  393  758  893  841  7  450  
428  482  933  296  959  77  763  123  796  727  673  58  744  822  892  797  693  272  147  162  691  728  488  214  859  359  233  50  166  467  910  612  540  814  430  919  912  462  738  800  904  596  347  733  171  923  335  124  723  935  542  310  450  496  658  375  537  362  437  770  940  353  686  125  793  814  619  566  759  713  586  273  803  377  874  103  773  456  860  556  577  572  63  581  762  467  777  916  49  782  761  874  515  776  729  704  128  724  402  882  751  345  631  681  824  259  307  659  978  38  703  312  794  833  492  84  909  805  22  380  484  137  825  719  695  308  845  827  229  37  997  712  934  970  358  453  651  716  635  357  942  203  165  613  547  291  855  198  248  51  503  153  241  901  641  644  411  159  477  903  979  773  337  107  591  585  82  352  217  993  619  745  245  418  408  711  672  398  861  294  207  264  983  728  562  552  36  980  341  111  702  763  302  864  234  391  14  89  951  944  
942  222  858  908  587  272  159  929  515  646  721  554  407  608  610  301  59  804  279  861  152  104  675  33  235  314  316  656  191  255  154  591  157  990  723  232  692  272  115  968  707  935  841  478  74  0  821  211  369  270  966  634  280  597  712  550  902  999  330  738  238  646  621  689  987  199  705  995  172  47  450  976  906  677  951  68  766  324  779  783  487  779  868  488  449  170  473  301  738  523  217  962  623  931  126  675  355  420  817  528  639  568  375  420  772  572  520  545  381  894  456  597  186  773  103  89  16  780  75  691  660  378  605  138  78  833  929  913  746  544  391  387  553  423  662  137  158  63  848  786  893  180  841  624  702  713  145  83  887  846  193  172  551  31  18  336  247  140  576  231  611  177  526  216  374  1  900  67  924  708  435  290  608  842  80  925  262  682  687  80  251  756  967  659  696  968  155  367  430  705  977  0  491  481  179  611  506  1  980  93  
737  93  740  469  204  379  220  23  590  646  469  790  360  851  842  909  106  599  646  283  7  131  664  793  173  605  531  568  137  876  858  940  921  856  920  687  403  803  702  547  788  488  358  120  10  231  740  846  810  185  757  592  14  470  47  229  454  265  712  100  871  5  138  691  866  895  195  284  147  383  931  85  1  124  815  770  357  170  235  625  964  571  45  834  343  663  980  881  714  721  518  970  313  81  265  959  717  503  545  929  982  538  896  657  659  453  492  265  206  530  219  412  755  279  145  934  742  858  10  241  19  689  707  302  497  538  738  324  824  876  446  952  242  865  89  162  550  736  329  951  687  475  342  296  483  778  911  446  255  194  717  633  48  109  937  308  348  311  865  830  447  242  229  199  274  423  64  444  925  514  322  202  877  368  370  172  601  160  449  344  590  691  490  892  659  553  229  944  967  329  3  104  989  781  131  321  385  336  723  165  
581  597  546  285  525  389  762  746  1  468  284  47  392  785  636  695  48  377  363  278  772  110  994  367  151  401  204  826  973  769  229  455  73  550  503  732  993  975  891  862  134  964  292  935  791  377  807  541  724  512  918  27  72  922  324  174  64  361  196  334  769  805  522  383  206  649  363  675  910  89  416  373  676  683  700  813  344  527  407  147  539  468  188  490  120  624  173  514  237  51  366  882  625  113  7  680  8  922  298  382  865  96  885  203  504  764  458  443  528  310  961  141  784  911  967  911  254  132  959  63  594  609  567  80  361  48  126  559  737  429  490  114  28  335  438  20  550  301  368  447  449  970  464  814  624  998  812  406  648  515  312  257  266  465  243  622  205  358  526  568  808  862  437  121  717  186  736  43  337  192  707  27  712  879  992  235  478  805  583  75  600  824  524  467  721  197  766  695  944  976  40  646  255  440  248  25  230  598  397  925  
862  410  438  429  666  962  758  656  871  393  451  866  676  375  21  457  108  186  340  503  968  241  682  110  530  833  415  685  629  990  612  598  208  792  671  504  449  351  901  688  270  380  493  88  926  541  329  425  583  180  760  474  424  438  751  4  566  499  438  985  437  271  958  305  636  772  360  361  259  617  545  16  56  43  505  207  124  102  395  485  445  479  927  740  212  298  827  619  439  748  768  225  633  860  401  307  685  59  902  786  930  996  478  748  648  681  531  301  785  404  759  634  722  23  213  601  744  169  467  976  840  878  67  833  983  25  32  247  472  248  677  793  36  21  561  431  467  916  543  309  32  549  90  99  395  520  398  262  297  152  201  287  742  854  17  462  130  211  503  363  224  617  128  472  835  903  701  654  236  327  16  475  367  213  911  93  828  830  645  846  369  306  59  267  444  472  398  923  845  677  858  57  602  913  149  509  613  326  38  997  
584  949  900  187  569  143  938  28  600  557  400  37  285  364  389  193  886  832  648  451  454  316  886  445  794  788  238  171  997  583  385  527  579  4  757  58  858  223  16  243  620  80  321  55  617  569  386  693  810  178  97  756  776  539  686  28  915  653  432  310  182  285  648  465  912  478  727  218  837  170  307  791  267  93  604  848  33  134  389  338  177  690  647  562  879  582  703  202  481  937  7  971  326  549  161  447  371  648  368  689  696  779  793  844  650  742  527  28  377  949  941  29  745  532  99  7  887  754  380  267  129  285  78  228  896  866  48  788  665  399  418  554  542  695  22  805  188  168  668  208  118  733  787  122  894  851  652  120  947  227  520  682  55  875  554  527  599  152  551  573  70  885  394  841  51  913  700  231  774  943  585  895  674  719  61  292  364  557  45  386  609  771  218  283  702  800  279  895  809  668  348  574  189  183  292  578  83  85  713  974  
555  312  584  197  338  738  54  552  85  172  497  624  300  264  59  284  690  320  657  415  617  634  115  994  298  560  748  666  370  392  216  373  832  741  413  454  91  591  514  410  680  582  917  782  568  206  681  991  768  7  396  470  91  252  782  862  578  806  733  683  340  157  566  25  448  402  350  902  471  116  542  309  807  149  413  688  889  472  7  905  356  881  267  341  811  136  403  725  41  476  764  347  29  201  510  245  184  725  253  321  811  196  653  30  14  670  892  306  659  786  130  181  929  786  284  537  493  138  53  109  106  238  53  13  297  823  380  815  884  41  911  844  4  452  851  16  498  165  984  248  274  257  932  880  476  645  353  719  469  581  232  327  410  743  60  476  892  523  196  769  215  26  760  857  36  887  701  961  63  446  267  607  691  800  707  286  16  368  238  210  31  957  769  842  372  356  157  415  650  706  602  655  773  347  300  774  361  562  870  426  
344  469  122  338  16  275  458  194  618  981  649  357  687  559  163  840  421  226  115  935  599  879  587  710  803  569  662  838  789  576  674  506  473  814  129  797  694  103  846  34  998  66  796  254  985  630  378  710  313  451  579  601  552  671  218  386  797  449  747  741  814  725  445  35  767  652  899  348  145  240  818  951  502  657  268  105  953  271  891  168  290  540  305  34  951  397  276  447  654  429  511  743  750  62  787  138  94  253  350  475  685  448  698  88  385  967  965  264  699  341  720  257  175  313  977  277  801  557  844  472  187  50  358  249  123  238  657  330  25  451  404  446  679  413  146  111  809  760  923  225  275  708  15  134  922  910  606  982  962  772  445  578  479  796  980  717  0  754  259  897  21  716  193  946  561  315  815  824  794  600  89  254  461  129  788  18  591  375  990  177  711  941  198  952  479  503  284  905  736  524  723  880  229  994  691  257  616  133  155  377  
601  51  820  757  54  655  441  802  491  400  563  146  130  957  96  32  910  855  83  32  969  467  183  646  430  42  781  713  273  767  405  852  938  101  256  529  480  859  748  658  434  108  905  725  120  639  729  771  417  200  333  166  902  753  978  109  355  833  114  397  686  590  366  869  424  2  305  14  864  104  672  653  407  185  350  991  14  407  772  448  915  694  246  759  363  970  624  890  689  385  167  761  252  757  132  498  415  701  747  936  178  226  642  128  470  450  292  843  86  994  206  497  233  468  25  288  636  122  14  912  91  310  208  90  408  417  194  485  844  324  169  580  971  78  908  23  13  722  33  924  566  188  313  347  70  832  755  875  580  958  446  908  366  502  984  42  764  157  604  674  715  721  800  260  109  199  524  854  933  430  303  721  776  911  811  121  727  732  152  654  713  714  839  906  486  828  28  527  718  405  711  686  319  538  284  222  581  818  590  864  
76  82  450  651  946  41  703  504  560  717  652  996  870  777  338  805  278  252  753  467  448  534  998  781  645  233  353  5  368  202  228  657  406  259  368  919  982  910  914  12  316  695  531  665  463  599  893  866  506  33  32  548  504  155  557  43  672  267  386  365  776  595  76  655  374  355  835  897  82  81  703  536  975  191  360  361  576  513  283  61  911  817  936  981  609  713  664  339  453  524  924  962  979  434  497  956  273  182  680  614  488  686  98  185  342  919  384  128  933  162  568  505  161  798  828  587  814  27  876  898  79  96  771  529  347  498  424  636  594  154  691  593  198  922  575  451  381  988  343  99  354  654  185  51  947  317  727  24  821  781  636  828  731  643  531  524  894  232  163  29  966  858  768  814  407  48  995  730  951  473  809  916  563  682  808  735  993  51  878  225  457  964  404  84  372  169  312  33  902  647  832  545  449  90  530  713  255  308  785  57  
696  732  321  625  708  249  923  480  912  514  741  667  101  307  705  439  767  742  45  611  793  155  107  740  997  869  686  430  73  299  789  956  222  512  740  349  65  184  510  619  676  871  487  857  735  863  878  304  200  741  679  854  826  337  302  372  105  265  576  394  707  665  251  41  234  376  695  492  975  90  268  780  528  646  866  423  986  339  103  740  866  276  986  326  908  524  663  467  791  384  940  23  912  536  280  298  866  226  595  266  680  547  185  54  921  498  272  473  634  684  648  487  505  549  834  855  909  81  145  333  827  103  973  547  12  895  279  555  258  256  343  204  33  400  585  662  834  257  134  795  579  796  462  13  930  693  651  950  56  387  648  104  722  146  89  753  99  727  916  338  190  647  61  884  582  181  296  712  64  902  671  146  912  178  564  993  513  425  720  821  81  687  281  693  472  790  18  445  265  518  580  713  48  764  114  0  172  140  635  343  
62  860  745  208  103  479  558  920  553  403  486  770  987  528  351  467  184  196  85  539  953  776  330  124  15  193  154  99  853  603  693  432  633  313  894  347  875  993  113  325  30  8  633  456  972  714  518  204  711  507  245  863  233  535  674  105  877  467  801  793  566  278  922  567  533  343  763  790  72  452  207  429  886  932  340  955  487  258  731  125  504  558  168  894  132  666  433  81  710  582  651  462  172  648  415  991  221  915  12  253  346  763  830  276  610  427  389  56  472  787  320  218  647  113  80  547  62  90  553  419  599  421  267  718  377  509  143  61  165  993  21  477  477  466  426  773  792  776  958  801  899  305  179  30  482  671  378  257  788  813  592  849  51  446  558  14  314  810  710  76  522  317  321  128  797  790  509  573  380  129  868  220  300  761  616  950  922  494  746  470  296  863  90  784  567  60  80  9  940  706  65  385  88  547  933  212  967  522  853  320  
545  681  163  891  863  671  601  413  78  848  163  302  47  386  553  316  15  890  373  730  505  34  315  232  330  303  613  323  909  962  838  978  324  147  654  52  904  29  36  953  152  67  555  427  645  261  283  912  934  270  576  311  855  812  264  509  268  925  525  283  564  227  850  822  857  420  474  354  499  153  293  651  532  993  772  90  182  369  323  337  465  218  430  235  553  887  588  195  155  777  712  319  280  505  487  216  290  809  812  49  564  751  662  314  95  423  883  576  838  876  494  914  91  571  611  91  594  821  11  535  115  214  884  755  485  662  928  110  46  740  61  14  375  274  901  984  876  585  795  264  322  170  734  833  176  613  283  369  376  818  26  772  639  210  923  308  0  585  817  610  799  714  996  475  240  334  621  362  792  483  522  94  916  261  457  975  502  612  153  475  709  546  949  103  580  231  250  460  219  379  727  168  9  479  292  414  628  624  482  499  
471  761  626  318  201  452  746  147  294  804  283  723  207  802  166  708  757  187  444  761  587  722  253  718  873  623  0  74  669  547  769  576  92  79  352  252  901  504  158  639  967  225  211  367  433  262  499  591  415  864  943  718  813  145  327  302  691  574  509  739  584  428  581  141  803  824  176  316  941  919  832  264  586  103  726  442  703  128  623  331  941  787  237  23  443  981  345  252  674  15  447  621  89  766  58  118  905  930  166  243  331  885  204  657  926  42  543  289  188  815  254  332  972  328  739  856  242  249  400  734  690  360  945  124  469  549  812  702  146  967  805  700  325  29  214  584  668  709  260  174  966  276  581  296  927  67  613  629  855  850  87  902  800  452  160  461  350  318  744  25  81  405  994  434  637  627  931  806  603  78  175  254  128  29  622  57  579  224  158  50  524  587  938  304  264  158  841  642  905  284  769  413  770  494  625  707  49  484  318  722  
437  815  613  454  134  414  488  4  291  42  628  204  735  960  150  249  157  251  981  825  219  204  931  516  19  319  278  19  259  267  307  854  134  173  466  385  524  946  740  284  404  319  777  966  146  86  638  189  644  584  123  493  94  953  427  171  245  364  252  828  585  644  183  463  171  789  769  779  574  861  184  574  826  162  554  956  747  440  910  592  672  87  310  714  16  559  604  301  71  761  17  387  205  396  100  904  128  457  912  368  368  155  295  470  176  134  634  474  60  267  802  125  918  125  705  164  435  699  578  135  418  946  879  45  197  679  441  326  88  454  873  164  350  409  773  735  546  169  39  212  107  162  327  329  97  430  801  872  749  312  993  469  685  587  299  717  228  799  71  893  431  904  393  244  996  811  151  638  702  141  75  470  291  841  792  248  582  222  578  800  176  371  766  594  130  440  200  647  629  498  260  752  322  395  580  691  134  260  111  327  
245  935  699  277  408  565  385  845  496  673  383  194  162  63  788  923  277  309  740  759  374  260  906  644  757  218  37  284  160  784  459  757  877  635  979  772  805  97  919  845  540  610  694  481  325  849  431  332  539  397  369  761  650  200  792  789  603  819  433  941  958  516  967  309  730  557  918  198  72  26  853  891  518  455  129  641  455  563  28  88  903  6  892  250  877  746  535  710  681  440  700  9  828  499  462  491  327  705  18  105  892  379  311  428  129  394  941  62  123  284  429  964  198  322  393  44  914  359  589  804  58  279  802  373  302  297  36  794  737  363  857  97  61  25  193  828  465  553  37  412  860  885  728  524  956  206  339  285  527  226  349  491  683  482  7  891  433  675  309  343  235  223  232  368  206  590  576  255  291  750  87  392  312  365  409  243  908  422  911  224  335  352  523  998  119  7  966  521  559  708  461  230  162  832  370  459  965  817  151  240  
339  734  493  684  778  557  715  510  954  214  745  849  206  676  284  194  27  912  948  193  141  281  505  994  513  396  293  311  325  203  954  812  780  173  284  326  846  675  41  160  371  274  477  372  64  882  491  939  98  274  285  305  0  181  788  552  389  781  251  591  18  130  542  702  786  767  872  905  175  370  658  783  475  462  479  605  265  887  164  892  385  129  509  852  986  693  795  915  753  232  313  215  968  586  454  331  915  768  189  601  91  487  279  373  413  158  98  681  93  366  803  250  676  793  168  710  176  916  656  601  642  402  27  139  67  830  958  167  208  212  470  114  309  637  790  590  766  422  964  419  936  76  365  305  725  158  329  788  255  286  129  180  980  565  637  47  375  482  362  749  144  615  992  841  601  1  114  183  569  841  751  798  414  340  549  972  835  251  301  856  601  640  873  392  250  326  266  15  168  619  735  259  348  845  935  472  299  470  471  308  
795  725  351  264  947  386  279  624  520  350  856  312  444  13  789  362  368  393  711  16  354  516  784  282  683  881  15  605  143  200  954  553  775  740  42  133  683  19  736  128  640  889  205  855  26  985  936  710  467  546  552  45  34  233  481  833  870  273  724  531  561  916  318  25  98  252  642  759  50  618  803  122  865  466  242  265  881  817  118  656  175  381  817  498  186  903  510  618  956  367  209  462  997  973  559  89  431  639  845  67  669  532  660  855  348  859  585  522  651  425  627  907  511  189  374  467  391  322  276  449  663  944  355  402  967  63  2  220  595  778  772  118  758  796  679  558  695  89  967  598  502  795  412  412  280  320  114  524  141  724  30  668  59  89  334  563  515  143  1  991  321  857  950  35  682  302  225  497  190  33  704  889  116  710  419  318  613  320  570  1  312  868  616  53  701  532  341  910  454  945  498  638  318  536  318  454  749  535  109  261  
196  533  151  40  243  27  943  374  939  563  434  479  213  459  983  936  616  54  230  302  890  63  961  517  798  555  711  907  500  458  599  206  886  74  322  798  702  392  137  480  229  299  989  584  102  839  494  971  473  763  675  470  300  576  120  383  348  686  110  150  841  28  972  655  191  539  763  95  641  912  375  103  264  605  857  706  512  491  937  392  180  318  761  300  888  229  917  97  876  780  927  299  81  96  191  269  732  182  487  343  735  88  588  481  511  997  112  256  392  732  165  475  724  333  876  476  322  980  883  966  771  459  357  95  457  290  556  219  912  198  457  234  158  531  796  975  687  639  143  494  824  413  76  10  557  179  79  896  391  937  327  627  541  893  14  733  851  47  239  534  344  638  943  532  673  470  404  704  99  631  994  16  206  155  700  199  997  915  952  349  513  702  11  988  445  344  436  472  421  563  253  194  87  284  203  130  260  508  367  782  
616  369  260  99  772  353  449  526  333  571  337  712  765  426  581  412  424  382  660  110  297  136  25  802  978  666  858  206  571  57  793  542  417  561  603  594  640  843  989  869  203  893  679  404  520  358  537  840  17  108  890  931  13  844  575  955  69  590  648  318  802  786  582  963  483  387  457  848  956  862  126  454  75  918  365  557  116  64  361  332  581  518  521  761  835  715  115  185  691  210  704  629  101  331  907  74  938  242  235  771  46  365  55  13  344  195  737  367  111  324  627  435  327  864  750  85  585  64  266  304  448  147  624  551  743  374  747  623  465  108  612  510  888  717  629  303  679  470  973  230  483  964  474  202  940  406  53  332  121  39  511  323  833  973  754  529  198  401  66  957  652  203  194  37  128  313  586  352  603  500  350  174  718  815  659  269  847  212  602  625  385  381  87  14  714  28  283  637  958  352  653  993  816  676  79  701  9  221  260  780  
105  616  152  836  82  694  328  527  365  350  737  416  740  389  828  215  742  260  486  865  145  653  710  871  161  819  512  328  710  238  431  790  893  656  119  562  541  935  15  621  609  479  133  285  701  348  268  600  690  40  777  24  60  623  580  218  306  429  265  836  797  887  413  587  433  351  494  822  162  366  596  979  520  133  675  564  210  564  394  614  57  950  318  989  443  479  40  287  968  820  213  908  713  965  948  630  124  601  18  387  508  750  689  964  118  690  727  722  214  924  307  276  663  761  330  407  858  915  856  50  782  916  594  772  854  27  671  685  296  225  815  822  121  227  212  29  54  860  701  385  629  534  74  327  938  812  425  239  725  503  143  38  801  179  562  992  632  646  979  281  521  764  761  745  500  154  312  170  804  685  81  71  259  110  947  11  707  700  575  490  952  302  681  808  428  252  322  468  650  736  586  921  940  815  915  105  600  814  569  142  
101  762  94  143  203  344  834  843  153  950  351  437  216  492  810  668  676  155  798  989  746  304  722  519  125  356  731  115  299  659  876  38  469  151  729  941  763  601  908  20  629  164  910  770  303  966  807  789  804  251  857  157  379  423  719  872  191  560  619  658  720  478  636  750  887  216  566  677  886  413  43  105  470  995  304  87  994  647  843  416  41  706  856  706  481  123  235  495  631  295  647  306  827  851  181  905  503  33  489  203  576  190  582  120  62  591  17  175  358  715  243  512  982  658  271  591  824  968  884  593  96  461  949  103  288  364  268  156  346  670  509  716  917  147  270  555  33  324  292  815  989  503  97  802  72  296  930  472  28  945  781  938  606  78  848  717  674  343  491  474  212  331  47  699  577  133  641  270  644  238  983  617  148  759  51  306  411  56  981  978  145  722  258  990  303  38  459  600  623  56  969  689  664  131  395  379  632  466  698  191  
763  480  244  434  120  877  444  380  290  550  827  407  235  896  448  984  972  424  11  869  162  362  807  251  155  980  693  314  294  894  557  639  641  696  344  455  243  448  641  619  169  326  433  700  166  846  914  36  884  146  523  951  591  81  266  484  312  736  553  780  592  899  47  789  610  865  966  811  171  409  461  492  621  172  539  422  55  416  732  792  280  78  673  138  994  282  639  361  348  589  730  459  728  632  91  675  891  750  388  930  314  286  980  186  714  732  77  192  336  779  747  622  887  522  551  666  543  328  650  110  171  301  797  124  507  926  925  326  488  684  92  456  998  978  266  315  307  778  75  78  662  251  977  19  723  224  426  755  546  920  517  351  431  381  918  964  141  363  281  50  900  16  315  449  266  34  708  112  957  441  648  660  245  458  372  298  688  69  990  953  176  189  118  175  983  361  273  254  898  307  516  130  403  708  213  562  577  313  868  920  
27  343  721  239  673  703  784  496  995  165  551  721  291  307  880  883  45  461  529  438  119  33  353  91  75  29  477  197  329  300  289  621  833  198  242  953  711  259  103  705  719  524  824  501  352  391  943  126  653  957  667  680  142  841  756  776  805  855  409  832  149  398  996  956  981  507  239  568  385  100  271  880  17  214  502  331  19  212  704  357  116  285  204  992  772  847  642  774  880  710  603  190  368  523  835  904  912  371  259  407  60  389  851  682  589  623  701  46  136  910  454  388  638  144  821  130  598  577  253  121  189  421  688  171  328  792  857  830  305  200  243  306  629  339  664  563  622  139  905  914  276  922  981  494  766  396  885  67  382  768  379  461  603  866  563  819  744  632  546  50  729  743  651  421  150  9  985  222  280  589  902  332  89  92  209  280  600  307  174  174  594  42  232  317  28  680  858  858  724  568  147  568  807  764  95  588  725  60  674  88  
913  395  271  830  572  407  871  14  121  779  149  334  76  74  631  822  684  594  479  677  791  259  951  419  629  331  802  651  180  95  407  868  266  183  401  150  418  327  610  36  37  790  494  585  322  333  331  667  256  501  87  359  39  213  42  463  967  407  882  751  569  958  21  240  721  583  872  382  941  568  894  157  47  9  317  403  238  678  11  753  659  254  254  219  919  515  112  394  218  462  193  59  422  30  886  734  770  253  552  476  858  0  8  485  164  384  150  94  702  465  616  820  858  319  247  207  51  576  918  822  258  915  948  475  57  10  937  634  32  206  524  699  510  824  315  834  375  487  956  783  124  515  800  15  961  637  560  231  559  441  567  232  794  65  806  107  860  111  719  17  648  14  322  280  299  46  83  310  549  842  772  331  398  640  366  799  643  924  651  517  239  761  335  787  150  805  53  263  997  792  454  335  373  361  692  61  103  997  860  621  
921  117  466  477  390  34  78  488  36  232  141  550  87  548  891  284  211  164  563  451  911  145  769  960  292  779  910  648  484  722  779  845  288  188  833  697  450  472  853  429  353  309  217  927  291  135  469  495  317  928  613  652  61  527  140  567  473  264  446  659  232  608  227  88  838  10  759  227  181  763  126  523  326  455  85  659  599  798  460  839  431  750  367  669  829  837  12  833  223  4  110  956  462  931  152  562  517  293  654  783  931  25  901  22  862  585  91  230  208  403  217  433  926  794  205  681  522  344  915  505  658  466  748  510  817  296  327  961  748  695  723  114  479  917  623  377  854  441  840  396  952  372  954  649  677  104  250  358  144  267  159  661  575  952  337  821  111  578  890  647  541  182  450  414  399  220  542  849  513  353  928  905  36  901  970  530  553  52  163  576  675  443  852  870  97  208  820  870  707  990  263  984  332  532  22  633  838  145  928  442  
84  103  367  257  176  313  477  353  509  785  596  401  350  98  565  851  869  511  280  555  824  367  634  946  390  318  109  6  272  393  105  839  82  93  40  569  688  620  783  577  950  589  913  926  455  823  278  486  727  810  960  82  868  450  110  855  935  560  33  577  385  423  459  149  688  504  32  588  585  987  997  888  287  834  869  828  521  827  427  924  858  331  345  533  154  626  262  187  426  790  63  966  157  231  692  576  1  116  451  926  613  145  626  440  893  774  205  606  688  925  344  400  555  199  199  874  550  315  409  603  324  444  874  881  784  454  735  731  170  277  125  867  657  138  995  677  531  291  254  368  120  870  226  727  637  218  837  772  260  282  152  643  608  126  296  935  806  103  745  283  143  671  977  855  730  555  426  820  422  607  161  886  821  292  900  621  876  424  769  272  480  418  17  415  770  328  819  35  475  447  989  892  755  582  93  262  730  775  317  569  
321  108  613  140  83  986  291  342  206  692  637  936  198  863  527  466  328  893  96  712  867  465  695  481  218  126  403  429  983  427  791  128  105  911  36  358  758  685  401  413  52  60  54  770  850  358  486  129  691  715  851  44  994  449  387  447  705  754  472  390  355  562  949  796  610  252  548  265  866  544  572  766  165  915  736  680  488  706  299  695  562  100  71  323  12  180  349  906  740  248  383  119  396  209  586  826  567  719  87  288  956  160  143  855  786  900  174  776  508  696  545  178  846  501  786  671  557  893  762  525  926  570  246  507  460  771  858  197  261  203  585  735  702  711  983  650  394  468  854  21  410  371  244  955  174  915  190  413  865  937  77  341  187  509  95  510  449  860  473  122  871  398  568  410  245  764  999  908  191  776  762  908  950  0  81  729  156  920  528  978  741  51  11  973  344  590  7  388  533  793  532  949  185  715  710  957  709  601  587  152  
221  354  151  431  972  618  906  990  188  297  619  849  659  95  367  306  849  951  18  810  662  293  21  498  817  45  664  700  698  738  527  555  185  535  128  603  96  453  909  983  483  914  197  982  888  106  997  88  209  485  491  586  719  677  891  908  504  594  434  100  89  691  168  257  982  3  259  213  974  166  414  239  620  783  184  637  632  687  129  123  869  900  759  442  795  188  311  864  908  548  72  759  276  737  297  45  385  986  698  952  810  840  639  547  812  91  265  434  432  491  479  550  536  560  507  597  360  462  463  921  913  232  93  51  352  984  6  940  14  744  226  720  41  736  798  143  279  644  788  937  162  681  788  718  855  12  960  143  665  256  974  268  474  746  750  643  162  914  651  802  680  936  519  129  685  329  150  855  560  981  269  295  716  430  139  974  581  14  997  236  329  837  768  293  556  622  799  643  340  61  453  474  388  640  372  775  211  279  692  598  
772  609  47  871  392  156  57  867  103  521  349  969  54  642  626  231  459  80  220  535  292  501  671  193  293  779  815  343  903  575  746  473  94  214  599  228  731  746  328  617  113  416  907  280  803  706  559  272  330  356  561  844  36  13  293  123  727  836  410  195  262  956  414  731  722  30  833  700  482  449  254  884  677  449  708  271  764  953  379  625  661  870  713  996  866  825  708  619  887  352  266  505  850  627  700  937  646  142  561  67  232  584  678  511  706  662  196  73  597  612  490  337  985  761  649  397  648  670  551  158  121  868  770  36  65  79  902  887  363  242  82  819  416  800  853  622  866  36  518  826  698  782  745  482  705  731  773  106  996  423  818  103  344  594  792  648  277  612  634  184  712  14  874  129  640  447  918  287  601  919  400  638  935  484  187  864  90  486  417  487  600  57  857  84  1  831  550  105  972  319  619  873  870  150  811  754  426  968  621  348  
140  371  100  633  32  969  380  49  216  496  584  352  450  823  289  206  151  279  953  68  960  467  894  374  308  358  609  401  228  984  710  842  63  948  711  760  553  289  977  295  70  403  319  370  493  453  197  532  399  870  365  275  463  181  253  122  483  114  154  626  625  762  454  268  917  46  668  333  886  297  460  478  201  340  562  783  364  184  25  792  357  904  317  972  987  392  398  978  674  573  929  433  612  259  296  983  467  389  65  918  587  548  188  860  988  15  909  341  917  260  802  311  596  168  823  818  2  328  917  466  667  357  857  626  251  774  528  279  860  668  768  366  612  231  546  947  347  584  340  479  571  851  363  469  80  548  925  745  183  514  188  893  762  900  79  50  49  711  802  215  781  145  102  601  613  461  116  335  764  947  146  9  946  699  312  125  790  966  148  245  861  530  201  64  52  680  134  467  186  491  715  564  761  582  687  267  883  787  245  926  
696  996  940  879  485  280  629  180  529  876  184  66  570  410  455  999  117  947  252  963  754  197  766  970  829  201  966  417  600  59  385  242  430  471  158  381  362  101  903  445  630  24  180  821  449  568  666  413  776  98  635  165  316  801  208  516  964  612  121  61  617  92  84  127  647  767  940  24  556  358  729  61  561  879  565  760  325  0  967  743  833  257  280  469  134  180  859  807  651  828  906  117  826  695  91  714  874  762  617  610  327  423  919  56  765  461  527  225  956  661  313  744  597  620  183  71  523  522  461  567  829  253  526  564  192  379  113  599  865  586  763  817  623  454  582  617  55  702  622  35  825  539  516  230  672  831  204  479  119  245  697  583  887  579  489  294  717  17  747  994  568  365  844  960  248  772  768  102  250  102  38  834  216  135  597  211  61  470  266  890  278  244  348  636  220  594  438  471  134  183  299  142  164  845  369  331  950  319  883  104  
299  265  450  450  901  988  518  571  785  869  735  339  28  464  632  65  665  22  27  635  528  448  839  8  488  215  301  22  453  338  899  510  405  787  71  672  876  726  782  107  383  983  549  69  157  279  163  676  906  35  58  375  269  697  194  932  481  239  726  894  57  962  314  122  652  208  641  94  529  938  694  263  4  650  112  86  317  733  441  223  106  148  671  629  651  821  657  445  723  985  710  213  942  146  702  161  510  187  908  162  672  140  667  883  251  656  182  106  152  980  12  998  813  327  800  971  476  201  215  464  641  985  674  33  224  615  883  230  237  634  220  615  613  398  786  954  801  622  41  803  979  963  938  182  440  342  15  108  238  792  320  104  807  227  237  405  236  171  315  430  245  647  492  145  484  111  287  537  481  273  198  54  416  211  694  403  959  175  298  420  419  238  184  298  499  466  165  277  148  893  604  661  291  935  417  276  385  192  420  347  
936  699  665  640  812  946  493  177  285  316  603  776  273  296  76  146  862  244  732  765  653  151  513  294  98  879  199  213  840  495  639  805  233  425  998  12  803  844  153  571  823  690  182  562  427  521  382  124  534  164  7  274  971  589  614  462  279  121  786  574  773  623  995  91  705  111  328  342  890  20  520  734  288  845  169  168  316  381  269  323  159  61  330  342  339  635  872  641  629  218  981  197  684  157  916  89  252  57  861  394  683  406  246  421  157  577  558  508  746  633  618  140  820  68  281  471  823  542  434  34  369  350  389  597  922  460  959  210  765  642  191  156  819  455  61  854  985  882  162  468  216  657  403  50  674  821  975  840  548  330  192  550  463  496  846  386  817  177  175  699  312  624  963  352  359  994  67  922  593  468  201  683  249  464  99  538  140  605  257  357  911  73  550  745  474  86  204  280  790  255  400  223  794  662  292  123  273  947  563  560  
752  818  215  534  915  130  878  760  535  878  387  786  722  505  129  486  671  235  715  187  725  378  622  427  823  55  712  880  350  207  841  682  107  762  375  887  809  27  681  7  430  165  289  19  643  326  508  402  145  274  134  647  795  263  622  291  554  64  105  570  723  129  874  69  5  422  951  939  935  536  991  148  398  13  519  668  540  923  907  993  588  225  650  705  610  249  819  506  152  30  644  935  698  830  369  636  619  252  41  567  585  21  916  443  75  444  200  858  491  468  19  230  790  850  827  724  879  645  265  973  612  891  476  115  849  993  906  700  272  630  705  774  523  117  140  463  16  469  401  632  706  126  367  414  80  898  373  44  39  590  141  56  107  932  471  840  419  591  202  57  873  193  253  300  521  988  124  334  169  507  54  618  991  860  819  924  801  94  219  117  388  449  226  734  744  149  247  91  155  466  452  278  514  545  383  917  199  303  359  57  
547  524  259  196  644  131  740  822  122  200  722  355  796  776  804  924  440  490  265  225  519  721  804  417  566  586  197  293  809  177  561  183  698  354  723  330  135  894  716  806  538  781  934  994  961  338  375  934  22  199  73  381  145  717  614  571  426  520  296  657  27  374  935  666  193  458  995  368  459  545  97  504  298  312  643  615  657  120  152  199  39  552  683  899  447  485  959  571  753  887  55  395  153  587  723  126  564  457  127  171  435  873  510  641  633  247  837  845  822  456  418  860  390  696  218  663  116  202  561  459  823  275  85  737  95  675  116  489  737  609  835  837  989  490  80  69  505  61  119  552  470  606  561  689  720  365  155  269  524  618  107  503  449  408  869  310  521  819  395  885  593  151  979  116  900  678  570  32  150  310  70  332  612  629  138  489  689  561  554  10  506  200  78  605  587  801  844  910  555  94  670  126  650  447  466  427  356  779  632  757  
269  925  150  485  403  481  495  441  595  714  107  384  508  33  520  279  512  852  638  837  177  368  256  794  144  644  493  142  272  877  334  705  418  319  787  175  145  695  79  453  589  746  122  21  165  336  788  41  461  307  518  752  631  102  357  946  814  924  24  242  950  783  201  71  336  801  936  542  849  874  643  160  873  78  970  236  377  730  222  665  61  595  298  321  610  820  977  45  937  938  15  1  73  213  956  724  659  205  547  887  367  942  913  807  204  26  64  649  284  178  291  777  821  648  796  38  132  356  313  901  741  561  709  57  933  76  595  916  160  840  550  621  550  96  739  550  273  650  464  328  842  324  582  205  1  639  297  10  34  964  896  431  732  655  200  429  478  543  627  315  299  942  630  124  692  859  296  640  196  242  254  749  431  101  99  147  3  97  381  737  337  24  347  903  877  374  186  993  216  122  767  756  615  499  590  72  572  140  881  850  
834  910  845  341  63  840  462  372  98  765  803  567  499  355  932  816  386  195  816  969  127  738  155  187  121  531  964  837  674  798  116  664  159  913  106  731  902  602  356  543  248  598  120  265  333  449  201  631  655  842  725  969  431  50  787  166  956  794  570  192  714  862  932  413  214  225  65  282  48  6  640  870  737  24  696  73  268  415  845  351  761  280  751  597  420  615  764  247  749  235  261  323  984  551  469  534  660  713  86  336  449  984  950  758  498  711  991  949  970  952  621  30  860  903  488  18  682  212  105  227  759  876  561  732  600  597  252  358  372  196  733  88  429  277  75  147  879  62  769  711  397  112  516  830  795  683  989  667  965  902  30  741  39  439  361  382  790  485  436  82  331  903  937  471  992  608  354  72  523  690  457  53  479  780  846  531  258  146  194  100  802  840  47  602  712  762  994  565  214  226  281  974  988  79  207  727  446  606  911  282  
930  672  21  131  238  896  839  370  750  311  146  761  995  638  25  790  215  655  656  541  676  648  232  54  796  878  363  342  228  346  262  420  890  314  279  179  957  327  500  135  499  285  410  350  461  669  959  644  727  787  783  722  220  500  443  253  623  713  385  791  140  288  812  676  532  709  443  66  599  133  423  541  996  938  862  111  932  80  374  9  549  962  555  505  786  378  104  864  696  236  844  278  163  949  556  123  262  669  399  405  346  606  559  810  862  232  570  17  13  531  472  817  853  752  703  829  971  397  907  114  363  67  209  423  621  908  490  408  308  166  549  175  369  631  309  983  788  629  570  278  690  867  515  623  26  137  969  33  217  281  662  216  269  385  84  990  847  442  523  61  201  972  522  867  503  300  63  43  275  683  673  532  72  748  466  808  208  313  635  963  649  674  663  710  106  636  97  975  683  658  330  103  122  155  218  184  442  607  952  352  
926  303  413  390  60  104  938  504  140  564  769  734  95  261  649  223  317  503  948  863  838  905  587  985  578  423  529  727  709  55  612  715  650  21  776  680  888  838  221  538  130  597  65  383  808  830  761  880  730  517  456  520  485  866  570  817  598  563  106  901  44  269  656  711  306  161  430  406  130  351  321  459  685  594  749  656  742  440  393  13  958  11  546  392  2  41  356  224  258  845  987  215  147  351  903  529  371  431  981  381  100  201  906  391  633  13  618  95  278  999  207  634  557  278  398  682  211  26  868  317  17  863  22  79  605  17  677  301  105  243  711  127  315  231  538  153  780  228  140  255  573  295  815  618  362  552  888  299  210  899  286  58  391  478  871  131  648  333  398  710  455  624  585  794  524  654  143  454  567  153  623  459  349  733  435  425  938  910  732  621  413  269  302  204  897  534  748  766  671  850  351  865  801  268  399  225  434  193  676  866  
537  57  454  866  84  61  937  349  440  804  437  493  311  798  89  358  163  684  367  772  646  201  43  554  564  833  357  280  496  765  30  520  363  16  463  941  332  970  324  704  353  230  440  336  251  561  58  421  720  106  5  882  657  40  854  188  652  725  614  187  964  53  567  237  748  658  940  201  987  392  777  326  640  520  401  721  951  283  630  381  964  205  114  546  148  163  53  4  940  306  560  271  481  438  877  500  69  443  434  827  27  444  786  181  714  541  259  532  310  183  311  33  444  456  746  394  875  421  210  246  720  237  397  174  706  874  580  202  245  823  76  533  314  585  85  919  171  227  412  589  667  874  211  990  372  217  425  20  402  946  804  437  293  418  593  406  533  16  110  11  110  162  456  861  114  723  726  496  989  269  278  392  956  927  381  728  647  923  586  886  414  231  636  918  879  773  394  82  109  281  321  267  4  71  672  478  377  127  303  446  
319  734  526  90  700  194  890  922  682  249  762  123  105  687  856  597  265  162  898  286  86  579  128  797  308  100  809  492  34  448  390  555  91  851  40  973  799  744  205  713  864  721  333  688  96  470  907  317  128  189  334  926  451  274  256  206  274  3  830  652  400  683  886  147  149  9  895  271  440  252  290  73  526  109  726  311  943  561  961  907  439  970  826  374  642  393  971  953  65  553  429  272  313  299  155  124  858  442  321  451  405  658  845  989  607  746  835  374  834  331  638  675  955  908  186  83  350  956  343  923  317  43  464  518  656  820  674  360  702  859  184  5  425  631  795  754  824  37  766  647  870  849  559  344  975  377  314  983  35  616  120  120  203  971  4  873  217  3  758  347  884  328  649  689  936  647  199  828  828  64  388  128  653  430  127  791  240  755  805  440  765  936  720  924  607  614  197  389  511  524  99  10  809  637  63  299  70  413  837  750  
872  48  984  388  228  39  667  164  802  432  632  1  888  928  685  234  676  0  503  534  952  73  198  113  320  214  664  312  799  77  33  221  815  769  760  959  328  303  805  154  736  346  975  222  32  821  458  639  447  5  349  632  503  449  785  676  765  742  566  299  23  427  504  45  286  966  270  294  203  362  491  302  70  366  181  291  753  10  219  542  235  800  852  87  736  101  851  446  470  355  166  151  402  60  869  129  185  469  127  291  883  165  200  859  497  744  120  965  991  148  589  188  285  423  664  200  207  147  117  84  732  799  588  954  780  4  468  54  395  241  743  684  10  539  257  279  524  348  66  710  398  102  899  533  368  509  477  878  288  966  197  993  182  720  483  439  873  14  434  751  488  917  458  356  702  936  921  203  540  790  632  108  898  349  225  772  513  37  62  421  79  667  773  163  821  800  177  907  918  862  10  234  469  855  595  279  281  25  180  662  
429  570  822  922  528  12  396  718  683  132  561  73  664  901  700  4  560  300  864  24  805  944  424  657  790  313  791  553  201  826  846  482  42  819  999  204  674  855  54  959  67  799  656  238  503  785  771  664  81  937  565  36  475  161  120  80  238  912  770  782  376  581  172  964  520  767  704  590  429  331  293  146  428  488  112  352  520  874  768  876  828  449  315  906  740  781  191  284  802  112  40  426  412  528  824  351  930  576  958  629  989  651  453  604  531  716  324  236  864  484  174  628  54  977  872  518  716  687  408  265  645  429  629  82  240  399  753  224  645  596  946  779  927  83  784  9  700  511  346  44  585  884  809  371  626  364  358  164  688  427  215  435  228  859  388  793  591  581  96  211  796  405  203  318  101  32  988  204  322  149  388  702  64  773  254  703  477  328  666  88  338  422  617  221  186  94  98  827  999  198  467  620  300  272  275  505  908  118  500  274  
81  482  575  285  633  524  312  337  643  200  856  966  544  83  376  652  780  762  379  596  571  495  869  334  776  577  16  655  649  151  413  807  726  257  231  829  720  876  83  856  887  831  547  387  404  798  763  931  437  531  867  392  183  771  266  686  93  772  940  423  694  170  850  822  85  160  471  794  898  689  427  334  734  427  185  729  723  68  251  591  994  52  29  507  78  583  511  479  582  125  387  34  720  952  455  428  97  770  741  305  561  984  573  392  675  998  124  342  82  504  478  452  382  179  6  930  550  662  271  750  400  944  403  149  444  839  560  901  559  778  779  45  106  612  228  649  786  470  593  301  411  503  502  229  70  146  146  960  138  156  598  439  502  585  878  861  772  19  762  788  122  661  998  225  738  162  780  134  521  333  828  339  52  556  618  583  598  198  397  568  430  830  512  925  413  588  601  773  998  70  951  790  710  296  993  563  419  269  410  339  
609  192  544  242  719  180  411  54  217  68  915  568  454  287  338  533  961  652  976  705  925  207  686  959  897  693  354  974  163  385  529  451  385  99  66  479  10  226  487  862  867  358  767  876  134  804  815  363  509  391  351  405  220  359  896  378  932  737  363  687  756  715  781  419  674  354  199  535  408  10  385  986  665  81  446  638  634  536  795  330  45  511  313  421  57  964  995  868  910  264  241  960  236  270  186  487  3  761  456  229  364  345  213  942  135  873  644  995  118  280  179  831  230  185  188  165  142  706  914  704  705  510  688  630  389  671  733  730  125  979  988  45  220  906  664  320  136  50  781  520  750  774  729  614  244  553  610  418  817  379  833  827  105  127  372  614  653  473  465  249  759  222  909  795  211  113  853  234  296  471  980  232  758  689  780  738  186  4  952  854  301  646  717  9  891  158  144  123  150  552  610  712  51  637  217  643  780  979  8  953  
733  542  967  535  34  498  757  984  93  236  417  719  358  732  664  862  578  121  73  305  366  409  725  666  5  795  634  650  389  412  294  456  32  241  760  601  854  271  474  236  392  861  746  464  703  83  777  101  819  970  555  540  608  7  708  684  370  925  164  602  105  430  873  148  879  662  884  154  375  772  958  889  384  381  832  997  406  15  593  355  818  655  722  160  216  127  542  498  110  24  397  145  156  191  479  337  718  447  614  54  471  876  621  420  752  695  53  83  934  147  990  931  458  554  745  474  745  476  4  447  172  638  455  898  618  923  684  458  689  682  204  450  75  363  859  569  749  751  765  460  883  11  595  315  687  264  789  565  713  443  892  624  600  716  703  41  303  21  434  700  786  681  904  153  615  910  877  203  930  912  158  118  297  436  420  788  614  565  43  44  555  15  144  441  479  422  97  18  543  705  719  90  536  937  39  102  824  920  574  391  
340  576  778  116  852  289  309  733  971  677  860  693  499  44  247  77  37  240  937  761  710  188  718  42  757  206  396  703  664  501  731  97  302  153  502  138  448  110  547  696  233  460  343  531  301  623  298  817  821  62  970  443  96  401  972  118  733  804  965  728  444  874  310  732  125  952  286  428  553  104  745  434  349  142  854  891  948  803  823  152  36  491  601  43  881  181  388  498  477  47  988  371  105  387  117  853  301  721  174  214  419  18  76  782  178  399  847  919  230  836  617  479  61  21  986  684  293  715  210  372  40  658  662  5  929  498  627  191  561  200  513  756  234  625  246  257  709  315  164  85  158  351  908  970  261  366  993  308  376  911  698  725  627  747  447  787  138  189  597  479  541  225  188  587  258  200  61  207  705  525  649  407  368  344  205  629  495  492  458  590  430  46  248  364  514  324  299  776  254  224  774  833  654  136  467  838  599  252  724  323  
947  115  348  635  728  217  343  763  920  737  728  255  931  315  113  563  192  635  717  984  947  838  978  1  752  17  458  888  749  544  192  594  310  639  247  372  106  288  222  217  267  170  784  801  659  907  896  471  490  618  754  159  755  987  173  338  110  200  476  807  633  720  748  856  863  790  207  222  866  577  559  202  989  211  774  642  250  865  426  388  675  702  78  33  532  372  724  945  909  472  135  927  765  521  444  896  433  5  656  702  709  119  268  132  529  129  942  933  885  529  754  325  311  212  181  363  417  316  881  769  272  903  933  450  110  302  652  511  673  598  246  814  349  270  995  920  236  341  507  349  62  232  236  431  508  510  275  543  693  776  811  687  451  903  571  438  808  203  241  353  539  254  92  692  487  475  904  125  682  62  995  265  34  402  332  765  379  409  347  683  662  499  547  143  740  133  412  989  248  917  806  729  138  689  567  899  855  673  205  13  
806  743  272  810  678  625  654  884  91  424  666  586  95  17  143  709  300  310  78  341  304  936  175  716  530  610  619  151  777  989  728  709  468  44  814  45  964  939  623  760  813  129  20  784  819  847  746  20  842  484  187  273  742  974  432  590  248  263  516  460  346  538  148  976  529  832  259  775  873  92  554  933  968  407  365  17  424  352  752  464  24  820  712  21  204  526  694  794  360  971  598  118  348  516  558  723  985  185  9  298  258  663  44  294  973  565  136  874  145  689  118  655  722  26  817  741  239  361  516  581  125  41  100  34  924  688  880  794  335  825  246  572  89  160  151  624  747  833  562  173  226  893  279  763  901  858  265  406  156  37  54  259  28  303  155  146  87  761  88  648  600  622  876  656  716  340  289  646  892  933  823  864  759  864  823  65  988  407  245  378  909  646  801  391  992  831  455  676  95  740  562  698  975  354  295  810  613  430  669  189  
100  935  899  366  996  383  642  220  860  223  114  71  584  510  128  198  253  606  924  843  345  868  600  404  137  706  797  695  218  930  992  161  80  713  226  963  845  781  909  1  273  565  569  448  384  892  55  148  489  177  685  379  42  325  24  377  73  826  672  49  717  741  509  333  564  264  911  107  430  591  459  108  958  28  441  849  736  169  826  804  357  786  224  680  804  36  333  135  676  406  21  238  740  202  104  702  379  520  407  418  355  144  832  784  111  881  493  846  502  147  6  627  64  862  671  511  765  876  252  911  213  626  664  681  74  830  381  136  953  957  982  484  48  964  129  522  953  897  968  700  588  486  790  860  460  376  622  714  471  234  479  776  153  729  941  574  746  20  785  302  587  115  760  526  441  536  760  214  328  190  31  437  376  788  782  781  333  566  915  167  240  729  180  508  867  1  375  129  546  377  655  405  45  261  504  747  618  143  780  631  
207  429  238  607  309  396  635  791  832  3  112  865  651  582  31  775  40  892  931  878  733  320  851  33  842  913  972  607  39  214  214  874  627  642  848  637  71  311  264  65  480  955  234  492  323  788  298  966  715  32  725  257  599  837  961  461  519  794  710  670  252  144  236  795  431  633  227  811  97  539  465  733  218  281  677  756  246  647  891  781  177  679  625  903  331  517  894  478  775  763  18  836  13  274  841  517  968  294  25  685  729  964  458  736  442  562  133  333  679  395  621  184  990  695  714  283  855  19  773  368  55  777  62  854  359  695  729  397  705  452  159  935  826  117  944  757  67  987  294  580  257  950  604  890  813  378  110  633  790  476  555  598  714  873  548  46  972  915  992  543  279  449  272  590  136  418  622  114  889  598  259  203  26  881  469  88  323  413  951  821  684  34  74  485  157  125  802  674  913  595  635  550  517  784  586  100  591  488  984  8  
377  952  785  760  21  730  643  398  667  908  82  443  605  980  816  505  259  226  754  29  586  138  213  559  600  364  879  983  75  170  811  702  591  357  68  110  134  196  562  135  265  835  386  567  229  348  816  229  833  260  624  699  180  524  531  229  195  474  676  114  288  500  345  214  406  649  591  937  769  740  903  688  202  749  573  230  64  822  399  262  67  279  634  864  881  478  47  686  27  231  749  537  546  683  528  813  107  256  344  285  186  693  28  253  962  616  965  818  874  958  175  96  779  319  994  464  919  579  695  323  772  461  174  168  341  786  796  294  633  854  449  511  341  724  520  457  108  431  223  505  407  913  286  782  600  143  581  752  432  176  702  291  681  833  466  292  117  670  47  678  85  14  335  897  6  292  620  513  845  429  647  734  451  979  368  301  236  853  591  770  873  312  233  536  646  999  862  855  694  42  183  641  50  574  686  41  32  385  598  608  
744  40  240  237  954  439  591  209  387  276  580  108  423  792  627  471  472  227  622  951  612  115  992  250  485  864  209  194  306  672  896  11  482  346  824  571  472  177  489  629  163  95  319  929  749  331  808  908  163  272  294  983  419  260  124  958  601  722  374  728  781  100  793  526  150  128  737  122  330  493  849  582  245  723  613  981  374  549  52  906  546  516  593  91  232  617  721  673  883  670  311  207  622  265  26  661  689  654  112  584  514  841  804  191  103  893  410  236  688  867  700  950  913  802  485  63  589  887  954  311  238  569  448  284  369  356  513  739  671  160  625  360  469  414  524  989  61  583  634  859  725  424  450  923  926  893  44  167  175  945  795  963  39  87  439  257  794  385  977  837  19  546  407  677  383  498  463  452  890  854  961  341  667  609  549  934  138  523  763  472  650  771  185  545  594  708  743  884  605  938  438  254  81  888  367  342  21  536  665  872  
843  534  554  21  685  961  494  419  428  110  285  605  475  962  887  415  266  380  283  832  782  630  549  107  286  462  741  132  865  197  564  572  739  699  266  297  742  36  643  205  37  427  992  241  420  906  633  167  915  163  576  569  354  894  433  864  742  160  461  252  824  108  342  645  735  768  981  876  692  943  39  154  540  286  902  330  202  893  363  53  226  349  522  731  211  896  854  0  532  657  515  779  119  401  690  198  18  283  479  354  378  781  190  51  810  59  596  748  802  842  402  526  99  933  964  610  422  896  0  897  900  47  658  339  488  465  76  716  777  351  387  672  740  923  261  199  398  94  582  41  774  834  377  454  777  913  83  250  119  256  4  500  131  964  231  906  9  207  257  579  983  775  118  240  518  84  375  80  498  387  551  494  436  259  485  521  561  987  36  904  883  975  317  992  669  957  214  579  44  176  452  695  857  264  724  768  660  180  816  947  
490  910  269  856  334  841  976  834  478  33  480  263  572  438  471  103  877  999  499  610  807  303  417  995  259  503  553  123  681  736  212  619  379  66  346  458  650  262  568  718  149  925  414  51  432  819  455  141  800  644  697  180  996  337  773  339  592  654  65  173  971  75  800  549  624  765  171  760  586  857  960  937  833  596  833  280  993  642  712  728  209  633  350  467  809  9  283  285  748  602  391  962  565  10  375  269  102  545  91  398  988  771  517  174  375  738  756  922  773  278  758  530  893  546  652  69  209  891  743  371  100  47  984  990  995  16  381  638  345  620  384  136  947  794  225  354  514  331  324  597  246  379  237  8  583  82  656  765  623  524  61  754  348  449  728  54  665  313  223  477  556  856  252  138  226  882  706  328  207  115  13  974  322  477  74  453  940  863  693  871  721  103  706  117  767  420  491  76  819  858  287  646  668  842  76  681  199  469  500  238  
665  110  218  592  795  225  120  614  415  148  329  703  794  328  345  281  682  428  716  558  54  814  508  268  764  78  340  295  133  546  865  54  237  264  553  582  303  859  659  983  709  132  238  273  813  756  446  442  432  892  528  663  292  234  615  52  841  656  343  706  936  914  695  388  174  36  28  982  961  838  592  427  978  589  913  745  264  15  773  347  933  834  691  163  66  161  822  938  694  420  467  29  11  107  993  725  889  688  80  532  628  470  289  655  521  121  126  772  350  691  899  161  791  968  321  894  924  831  492  769  791  502  106  284  628  193  227  845  338  982  648  10  198  768  317  94  278  837  552  645  347  158  555  968  759  172  214  493  718  225  533  14  570  154  161  60  934  695  434  96  356  3  338  525  578  471  285  70  398  934  876  272  315  884  593  555  948  816  517  218  485  603  301  28  64  899  196  487  189  833  953  857  955  740  872  874  347  415  223  857  
965  382  167  25  490  976  250  895  943  881  371  891  163  815  409  369  912  871  150  131  53  340  564  781  740  371  559  908  687  957  206  403  318  26  730  652  683  214  369  200  47  811  596  859  541  699  636  183  148  336  132  131  626  411  552  943  227  437  883  679  513  965  190  97  494  822  540  173  124  723  114  729  894  162  940  6  575  371  323  410  968  892  298  555  64  898  632  124  171  598  992  239  421  937  235  719  944  781  544  489  784  610  697  415  296  866  191  568  934  434  288  415  529  309  924  7  723  918  288  928  321  922  889  104  303  807  170  697  504  781  377  154  19  824  355  293  714  175  272  749  788  668  753  370  226  992  862  907  695  938  732  398  712  636  467  191  179  627  166  474  348  761  188  798  642  400  283  161  480  389  724  682  735  574  321  71  552  737  131  155  576  875  977  643  93  890  666  118  885  416  643  239  53  620  101  776  543  150  709  221  
525  391  223  762  705  339  669  913  431  748  8  636  50  836  770  843  299  271  458  707  385  362  902  244  218  452  31  988  511  223  798  365  805  379  556  104  896  720  0  541  946  773  785  105  689  706  459  81  535  150  495  177  235  478  858  300  628  579  551  175  894  214  873  502  469  859  865  786  166  288  854  358  918  328  842  45  105  840  200  99  236  436  524  20  431  311  915  52  458  934  162  371  456  208  122  52  833  972  336  667  33  295  627  418  558  745  279  134  447  490  854  218  615  686  582  520  593  2  166  887  558  129  905  606  489  440  141  251  44  547  646  16  371  554  556  762  398  67  803  616  637  45  280  661  547  382  137  577  941  562  685  626  108  568  987  291  950  819  439  678  906  362  79  459  658  988  3  853  3  548  755  933  328  460  859  102  197  929  529  436  15  979  438  441  33  423  139  613  369  715  779  74  393  22  574  994  329  89  455  205  
121  30  811  218  652  579  225  897  57  811  953  995  427  10  517  551  936  778  340  867  679  447  653  546  258  811  105  303  675  510  385  591  283  950  230  388  150  223  416  740  762  56  926  28  709  202  932  210  806  933  235  238  164  840  130  364  460  269  498  376  158  799  671  214  886  169  490  614  680  52  635  273  452  220  516  458  490  327  561  755  831  156  900  483  325  84  773  25  912  751  774  912  549  327  172  799  549  513  457  124  567  493  191  12  852  786  647  713  524  566  471  313  742  18  362  655  220  367  106  440  757  951  520  364  956  602  612  414  85  355  248  786  376  614  182  595  302  920  59  790  0  915  811  966  808  885  771  468  135  148  389  619  613  272  302  190  918  532  340  279  194  475  219  948  381  131  822  848  269  801  859  571  347  361  135  351  872  39  665  24  144  111  531  71  340  941  402  396  329  834  567  477  78  956  861  23  748  233  507  303  
294  496  620  734  15  100  241  599  578  965  137  814  581  565  183  471  551  444  785  504  592  760  249  764  904  852  316  437  271  948  519  549  932  122  306  849  417  281  29  995  588  564  911  842  48  817  101  88  753  575  855  296  735  193  206  354  466  158  138  260  828  286  80  302  316  4  377  202  190  971  333  631  791  110  958  865  815  183  746  318  471  635  727  631  986  473  11  665  816  685  388  151  277  326  433  798  65  600  388  492  608  710  87  366  817  432  811  261  276  196  552  84  181  188  63  145  133  364  875  941  695  951  677  506  776  597  279  424  280  195  936  324  573  639  390  549  126  494  394  268  37  331  93  704  278  902  241  386  348  160  362  244  451  366  131  281  600  601  189  857  772  113  209  284  911  505  967  800  690  955  735  433  821  177  797  203  214  957  802  7  907  38  453  896  695  688  656  953  376  206  70  381  26  62  899  922  140  305  180  570  
543  69  790  544  887  993  666  164  906  941  750  451  318  452  262  70  632  471  833  156  366  351  673  991  749  990  2  792  542  394  435  752  588  807  610  837  577  600  266  957  830  666  896  865  993  765  524  417  769  840  762  168  965  640  615  52  970  364  217  684  59  640  136  950  19  604  569  508  286  305  480  914  165  599  773  231  976  326  888  134  654  503  175  8  553  349  390  255  92  38  237  633  198  344  381  743  232  634  572  209  586  104  169  545  36  498  697  584  272  90  120  592  53  784  859  792  157  155  73  317  128  110  930  523  402  789  816  728  320  171  338  313  944  146  784  916  670  893  696  401  579  621  111  125  87  551  939  652  223  390  189  442  74  26  820  295  389  84  28  381  671  476  118  695  646  298  769  199  320  558  478  20  222  996  953  655  827  975  339  200  490  777  676  522  53  260  758  567  994  112  285  273  752  546  963  47  791  869  792  32  
269  807  726  343  429  898  666  666  594  262  583  729  978  416  676  288  477  593  190  929  933  942  176  537  183  967  798  541  959  414  58  977  66  21  29  100  437  100  743  908  203  318  722  377  379  472  473  369  864  973  662  288  537  121  696  145  865  928  843  949  954  65  578  214  858  836  191  513  200  485  347  414  727  565  473  558  665  756  773  888  607  316  227  647  292  597  481  788  338  161  790  539  452  411  156  277  938  128  528  465  859  626  571  695  261  813  424  699  992  960  222  322  472  898  848  133  289  991  192  463  733  277  866  540  601  303  812  951  518  501  380  712  811  326  809  881  279  931  987  964  764  785  415  843  743  979  531  491  652  98  280  469  127  210  60  434  893  50  271  459  769  623  70  667  418  533  435  209  913  396  182  685  569  362  500  326  87  779  918  958  417  378  21  595  779  43  752  307  860  943  944  515  855  770  899  564  37  628  588  651  
80  570  868  195  107  40  818  496  621  222  910  491  788  28  339  293  958  131  874  594  746  226  571  836  709  457  951  745  385  854  25  338  160  466  106  312  582  294  236  29  204  439  46  301  441  811  263  111  875  728  590  659  483  640  117  882  23  98  45  373  568  647  325  323  588  47  908  866  550  57  766  497  121  692  372  575  260  348  803  580  95  244  319  595  811  812  913  872  408  167  675  492  296  700  156  241  184  495  470  532  879  228  637  919  399  751  194  687  473  810  62  825  349  204  58  788  239  875  411  915  940  678  803  426  323  569  306  961  265  829  668  226  813  251  291  563  515  53  197  753  164  202  233  345  234  412  451  12  257  520  887  590  872  345  170  555  319  776  364  79  83  141  345  112  853  115  438  187  33  147  929  919  833  327  530  42  609  936  270  94  46  743  346  407  320  653  460  267  503  704  220  511  937  722  442  810  625  231  490  633  
35  75  106  839  740  173  612  357  879  364  534  533  674  269  783  655  823  486  564  935  462  266  521  412  80  617  859  629  982  627  177  281  976  762  347  259  705  985  211  721  624  932  689  928  898  13  298  437  530  136  656  882  618  196  228  419  939  423  160  180  497  668  785  41  242  812  802  169  709  862  564  400  575  164  121  928  696  524  456  251  548  47  226  504  118  410  251  751  487  342  660  834  716  902  797  595  29  420  129  4  986  585  458  543  72  144  90  898  521  277  67  238  738  7  767  845  366  454  777  229  759  251  356  861  228  620  458  139  822  112  612  744  53  77  185  857  920  243  58  627  522  132  706  337  207  411  66  677  629  623  18  81  392  778  644  233  134  602  803  543  937  67  281  737  523  278  13  307  595  131  899  973  773  294  582  970  896  753  665  276  353  30  611  678  957  575  416  800  972  276  844  769  433  384  858  228  718  177  491  449  
924  346  43  870  8  894  29  58  977  827  406  463  829  305  127  641  499  310  708  807  412  599  393  133  275  53  668  667  267  193  566  6  176  45  83  17  477  321  586  280  524  335  502  872  517  412  706  110  630  907  19  179  800  519  927  585  266  924  427  564  735  851  722  343  82  904  266  170  74  874  577  118  528  87  453  309  669  617  576  329  881  505  538  71  310  398  736  110  883  210  635  226  804  434  212  568  215  472  259  478  937  166  462  441  999  312  478  329  545  247  750  805  560  262  741  102  704  379  771  411  177  747  559  41  687  170  967  365  130  47  977  871  968  440  622  68  237  102  991  328  341  279  831  838  752  868  488  487  460  47  633  402  689  612  5  61  381  936  831  697  384  530  113  635  65  100  508  380  327  181  746  199  117  847  15  514  397  377  494  131  637  880  992  448  318  559  247  195  609  599  528  872  76  740  359  493  442  103  692  805  
305  353  332  912  325  115  667  3  346  631  4  231  622  386  611  849  909  464  881  925  150  236  23  440  931  595  687  169  902  444  523  754  206  622  224  489  41  294  197  909  443  299  246  192  869  272  198  336  145  701  897  345  322  282  839  315  832  386  620  819  192  383  324  32  27  936  588  133  389  676  4  406  805  273  920  384  557  782  766  306  103  49  769  490  79  854  12  149  896  228  915  583  326  597  963  747  619  363  106  399  781  170  873  408  252  21  230  941  433  632  805  354  226  895  559  564  571  58  3  468  182  135  640  657  619  826  909  990  443  594  687  294  461  667  930  895  347  195  3  978  455  19  330  365  143  381  605  299  425  533  350  634  407  661  495  246  459  744  652  22  774  307  255  43  417  971  218  33  591  895  596  203  194  803  542  551  370  421  55  203  132  96  772  811  831  955  643  865  34  334  270  983  137  832  174  395  750  39  413  672  
219  5  885  661  582  579  743  228  446  733  699  169  58  153  758  292  665  957  490  46  788  173  111  292  471  814  999  299  942  890  175  8  860  904  746  506  703  999  440  711  312  31  35  631  710  268  322  57  841  776  262  225  892  123  801  338  5  881  159  861  958  889  685  974  389  126  678  864  585  924  989  245  819  824  244  315  468  500  595  630  357  382  428  846  744  747  146  501  270  709  482  175  691  287  410  670  643  89  455  882  264  861  922  529  19  252  690  528  687  309  53  238  918  75  735  593  531  714  749  464  231  934  484  884  655  433  355  52  386  911  671  643  552  606  140  968  461  407  433  578  261  940  172  734  226  917  85  23  65  995  303  512  683  32  800  321  631  297  2  659  189  402  26  746  557  116  158  238  797  181  868  206  793  132  245  114  317  95  208  306  982  171  883  169  935  527  548  272  776  726  93  968  48  255  990  728  963  858  629  574  
694  282  784  670  991  721  867  501  610  277  701  96  782  517  981  118  111  575  418  670  156  890  519  767  432  602  357  818  174  581  731  254  821  905  377  376  323  696  218  732  598  122  992  260  69  973  713  412  270  115  999  672  225  113  629  99  305  703  253  829  162  448  262  327  133  520  147  278  833  477  735  642  180  835  940  738  816  896  708  662  560  513  478  841  249  479  242  713  174  938  504  419  771  760  817  144  827  473  513  294  629  554  629  420  825  61  743  327  105  561  168  338  890  171  37  893  442  825  370  652  691  943  162  162  781  984  561  235  890  898  793  787  531  46  560  494  600  466  635  229  789  525  27  114  520  359  158  432  102  978  353  945  53  273  217  973  780  20  385  340  599  197  597  57  279  842  453  764  622  191  901  18  568  255  401  146  285  231  982  246  235  847  52  564  656  862  335  641  797  185  413  689  926  887  298  261  13  156  702  737  
207  760  920  640  390  804  61  807  686  64  985  708  107  883  397  761  311  184  97  776  34  962  489  524  2  92  675  217  962  0  345  770  14  673  338  77  868  214  339  765  662  278  994  156  468  803  3  675  959  37  19  215  368  532  474  834  15  24  462  579  400  720  858  378  783  518  101  876  124  324  159  160  122  261  478  76  353  386  591  631  643  967  953  27  4  825  651  974  938  7  125  254  116  994  211  726  7  779  30  914  899  479  501  843  861  857  874  919  366  884  263  448  336  315  94  839  480  600  704  549  742  373  309  6  498  282  82  58  658  907  961  569  86  5  938  531  404  486  591  537  382  398  102  979  673  557  663  367  545  331  973  426  801  478  346  15  774  163  738  490  443  868  122  127  927  810  249  483  10  983  956  78  135  267  616  140  539  666  320  447  492  534  647  531  532  365  591  149  989  601  192  505  766  832  508  294  244  457  519  56  
308  482  172  746  572  136  298  94  801  11  181  787  723  909  401  194  365  256  722  13  609  201  438  515  216  389  772  652  23  550  662  822  261  138  330  474  393  272  943  174  120  695  514  280  68  909  679  451  464  793  557  297  335  222  146  310  869  509  406  756  390  526  972  40  538  770  931  233  66  967  387  192  740  657  218  48  321  370  310  548  8  766  197  447  596  293  600  324  952  845  510  226  827  348  557  995  678  943  315  146  259  842  778  247  295  677  858  393  904  383  873  623  242  121  981  258  314  881  274  210  86  305  191  11  596  188  739  259  70  957  85  579  919  172  545  984  480  46  310  654  139  64  236  720  129  215  467  566  647  871  318  411  938  917  383  649  51  435  4  132  798  633  855  392  604  234  83  527  553  482  74  267  368  377  715  220  74  708  113  871  229  545  239  740  993  901  640  234  990  685  955  585  873  597  91  931  565  615  788  624  
118  171  441  148  90  207  347  407  192  636  268  866  42  566  570  73  790  437  303  73  767  876  116  438  636  718  414  249  382  80  625  174  693  190  88  622  756  558  207  533  464  187  176  25  728  703  441  637  630  305  399  530  684  470  44  761  722  911  811  295  892  975  516  853  943  112  171  267  964  985  939  593  973  301  152  330  589  146  954  661  804  853  966  793  792  79  38  428  719  814  896  440  993  787  388  179  314  795  438  665  221  692  348  248  28  918  138  584  491  931  49  21  477  780  886  2  375  178  814  148  984  830  487  168  66  5  970  18  730  612  901  763  2  99  197  933  129  105  304  807  528  645  408  768  797  732  668  9  92  811  608  236  385  82  477  267  83  483  668  598  274  39  819  85  89  596  2  286  55  892  95  339  463  188  629  323  175  983  387  203  853  559  225  377  373  648  22  69  88  233  133  444  7  551  61  323  485  592  399  52  
562  809  675  368  867  173  771  713  279  826  161  499  53  481  532  559  225  450  534  490  853  2  601  272  52  242  903  9  618  877  25  614  791  957  159  59  586  787  414  536  138  233  840  973  80  398  366  921  904  365  776  935  311  930  180  926  878  515  557  924  828  918  211  398  578  429  144  510  463  114  563  906  124  328  533  141  650  497  753  204  207  710  409  943  920  534  955  289  736  965  362  582  839  704  249  145  238  899  74  263  286  47  589  779  48  659  404  471  759  742  747  923  418  695  269  886  701  809  153  574  759  510  484  925  703  646  768  770  311  820  17  745  883  821  784  801  323  998  593  119  595  258  615  500  3  917  168  928  499  495  315  65  511  64  621  156  840  20  378  134  554  892  521  152  194  385  897  909  288  997  63  786  994  344  642  593  713  868  669  737  428  109  171  237  378  584  42  599  606  359  85  649  411  839  413  920  254  686  923  438  
715  188  276  682  688  989  62  670  526  423  778  477  741  655  47  743  759  770  54  522  437  139  909  847  381  352  611  798  749  257  346  374  666  670  730  85  449  308  17  857  598  356  561  593  819  767  746  66  40  666  783  698  745  122  677  139  757  693  644  340  10  957  466  874  926  257  149  54  433  17  455  827  246  934  151  55  96  227  777  748  545  628  455  745  222  538  88  833  70  865  15  8  401  366  288  590  862  599  667  865  12  705  642  931  850  320  495  293  362  31  711  166  39  892  347  157  896  319  781  287  445  391  263  501  558  633  438  597  27  718  702  427  862  319  464  411  389  584  799  750  227  478  768  359  78  102  462  217  115  524  69  775  125  964  991  935  141  81  59  620  900  568  715  110  483  808  844  800  435  800  105  366  785  44  56  985  513  790  238  193  59  533  454  94  795  157  484  498  850  810  200  430  187  418  374  752  384  31  659  414  
186  709  642  801  382  286  868  385  365  927  557  609  941  903  691  879  19  188  626  466  714  817  123  784  196  800  651  475  879  120  903  664  651  875  70  708  584  103  390  82  29  319  624  421  787  213  328  7  456  462  301  884  583  50  991  478  564  270  206  445  429  464  166  939  244  46  840  265  250  276  125  322  262  304  611  754  450  820  458  954  454  623  392  363  790  336  296  52  614  856  826  625  478  786  412  186  113  554  701  62  687  8  658  810  851  232  402  891  718  838  932  755  290  211  376  842  179  247  611  149  431  610  508  820  423  499  195  954  517  787  481  126  501  503  555  497  897  721  760  475  428  554  498  871  248  542  217  119  946  891  307  637  747  87  352  184  602  854  361  415  773  293  144  469  47  438  955  145  59  344  410  24  438  946  456  74  11  947  391  334  984  177  196  978  245  693  337  851  605  719  817  677  364  196  942  319  769  168  526  295  
894  913  76  997  778  290  11  871  175  776  862  281  663  413  194  110  386  598  973  895  650  747  327  671  791  59  430  625  775  538  185  486  397  368  82  71  426  878  14  307  721  216  705  333  604  138  962  126  997  232  878  138  230  926  608  498  178  544  638  133  716  423  111  939  269  681  968  784  564  627  110  961  733  118  221  423  532  124  159  869  330  581  369  159  942  114  271  881  616  437  448  505  374  115  700  778  809  655  425  926  90  933  989  959  246  647  286  154  929  719  269  376  942  418  201  202  165  613  368  545  677  199  969  352  488  555  588  190  238  152  26  644  978  879  33  175  49  632  64  402  672  248  969  427  333  803  908  16  582  123  952  590  790  755  636  198  942  698  428  132  112  503  143  109  6  285  597  229  793  91  790  267  758  627  782  105  2  988  828  859  903  791  178  83  415  35  894  479  308  677  327  192  234  239  548  983  388  515  926  902  
171  117  973  753  469  811  392  7  786  417  14  393  474  429  962  821  155  772  668  351  926  207  393  365  56  830  204  358  310  366  174  574  698  522  369  392  235  868  3  513  849  14  902  509  45  986  644  248  486  746  648  59  752  380  55  456  183  374  557  36  890  826  763  737  859  302  558  765  218  403  132  354  489  623  560  27  363  297  557  671  421  929  22  533  798  945  611  797  179  252  433  887  819  858  969  234  321  109  576  794  656  859  22  359  481  144  575  871  439  758  136  271  620  84  540  371  876  249  324  183  999  84  260  697  237  298  362  870  993  186  514  109  280  920  325  564  163  300  296  941  79  854  809  588  662  857  844  800  342  41  491  723  392  938  548  344  947  295  492  504  615  483  641  953  429  975  814  724  251  921  767  449  238  957  852  97  8  594  499  40  905  748  606  365  497  610  83  167  507  44  538  406  894  650  953  35  901  859  355  604  
334  849  424  376  648  573  430  83  5  213  637  639  855  911  552  280  599  152  582  602  304  181  136  793  602  741  966  277  299  241  219  624  504  905  727  149  457  813  530  726  810  780  53  738  589  501  173  633  597  951  57  374  510  7  771  696  200  678  812  876  250  468  287  675  436  293  607  148  356  406  692  5  890  549  57  659  847  930  297  444  464  285  800  997  81  477  814  181  604  186  814  301  592  112  365  482  422  705  853  617  207  838  745  357  682  18  635  24  778  3  129  188  419  365  679  437  981  676  5  773  369  437  833  371  64  570  688  369  515  705  605  864  501  145  612  258  349  728  968  652  832  667  520  718  907  338  937  128  230  591  285  131  947  803  625  634  918  822  116  683  903  681  491  573  434  521  89  151  640  731  148  579  838  134  355  878  67  473  67  156  160  298  489  156  783  384  561  638  798  190  941  333  397  373  170  293  818  325  212  305  
86  31  466  513  849  81  884  311  640  311  593  685  975  226  325  580  185  880  943  571  124  801  728  866  930  153  223  34  25  214  242  364  412  0  391  810  459  991  473  486  86  406  110  413  519  179  341  167  612  463  501  725  100  608  360  368  329  48  150  810  755  818  534  475  230  577  168  131  665  989  461  758  896  859  648  417  756  255  638  640  757  305  200  217  281  201  121  248  807  520  899  224  20  301  84  819  591  448  806  22  192  574  621  452  882  970  633  478  402  68  219  500  503  385  524  770  601  455  448  913  967  459  618  0  489  449  257  416  235  423  0  129  890  679  196  404  489  327  182  86  677  854  384  46  439  605  468  276  175  383  304  853  174  759  990  863  436  205  536  221  991  380  72  735  781  443  126  282  249  669  531  887  41  936  761  827  376  359  669  307  752  892  709  969  143  510  740  463  610  578  349  447  167  697  612  228  348  846  503  961  
205  410  11  612  922  86  379  983  591  532  124  403  998  963  524  544  7  957  552  254  223  494  196  153  742  195  326  437  586  229  916  30  370  1  355  578  965  181  433  85  72  545  562  312  78  639  975  112  81  376  438  350  967  133  162  784  73  574  394  516  309  147  671  516  907  717  487  195  324  864  40  522  22  576  662  63  68  532  572  194  810  931  57  453  399  546  658  920  819  999  638  79  679  173  967  352  108  348  571  636  132  932  386  898  429  198  146  986  12  215  687  533  878  938  78  350  233  665  144  605  145  944  420  984  990  550  525  862  635  776  859  698  657  412  109  512  706  311  596  111  410  531  706  187  792  105  713  182  826  638  25  666  902  837  649  189  741  810  535  354  193  102  74  856  984  436  236  505  817  6  630  617  515  501  211  881  60  939  310  287  567  614  576  964  919  852  233  977  72  118  408  87  245  490  190  834  387  753  188  841  
589  793  852  772  537  384  773  58  527  782  49  463  338  445  345  686  87  840  336  417  90  221  484  514  89  384  921  420  936  70  751  899  922  819  932  653  777  152  77  883  781  300  285  392  8  838  48  573  499  644  961  847  313  484  968  670  681  788  247  370  729  647  819  908  421  383  328  454  255  602  14  824  17  907  239  360  230  837  658  485  622  982  410  648  352  358  991  712  834  690  318  929  12  129  692  280  218  339  862  517  376  689  284  956  496  101  851  322  22  695  674  250  397  640  285  577  195  807  669  196  735  958  304  603  331  848  548  602  332  73  575  548  982  450  307  501  173  919  165  850  910  663  604  151  148  936  206  437  958  764  342  37  261  28  178  502  164  495  729  719  520  790  794  673  447  88  7  300  149  421  825  309  249  401  797  160  230  96  427  672  61  776  399  88  256  359  792  981  49  266  590  58  601  670  178  607  613  111  557  960  
643  227  322  29  162  26  887  643  143  773  318  646  44  264  875  929  603  501  286  92  320  541  520  385  980  30  914  619  662  580  624  91  564  445  893  296  391  646  672  506  972  243  892  843  287  335  454  35  618  344  631  399  507  461  714  757  348  8  207  839  772  290  5  161  827  999  54  753  82  831  820  290  401  694  953  644  426  729  893  755  826  213  729  651  992  854  336  437  174  144  421  305  877  886  758  696  861  885  8  972  385  467  653  886  593  298  281  131  193  267  378  605  167  384  414  706  514  819  974  699  133  4  887  699  803  851  489  594  693  50  233  725  815  998  961  603  704  794  800  534  672  480  76  892  828  85  186  674  445  792  72  428  862  983  299  123  396  133  426  339  264  92  579  432  56  291  43  453  372  564  313  472  795  693  12  197  214  576  147  766  868  322  827  492  469  996  59  212  194  537  643  681  689  165  963  369  255  70  728  951  
14  267  97  413  550  229  688  124  888  821  187  546  69  84  650  318  957  577  700  394  683  211  442  550  749  123  925  573  922  36  867  566  764  562  300  177  190  180  971  724  247  184  320  898  419  554  394  887  298  680  777  386  394  493  514  398  200  568  252  687  316  368  264  846  378  454  437  889  629  303  993  842  334  309  979  498  138  921  493  698  401  959  480  526  395  917  911  942  85  377  350  99  273  623  731  602  604  716  458  791  368  66  406  554  458  728  227  655  750  892  337  804  334  504  307  708  409  159  454  450  40  250  373  893  453  12  873  143  644  174  957  753  195  767  695  919  526  764  795  539  707  968  922  337  724  592  463  438  434  790  50  494  487  319  478  625  796  259  237  545  25  249  203  42  299  388  311  902  775  350  750  492  5  440  362  636  655  899  784  146  801  910  399  61  571  732  116  563  810  601  67  155  845  241  960  678  738  581  291  194  
104  195  713  885  80  96  287  579  37  477  506  83  402  132  850  556  242  461  389  216  827  121  959  378  900  106  879  817  749  797  269  897  918  621  208  778  344  637  564  447  223  146  440  654  49  131  694  31  128  566  35  98  923  768  470  969  379  264  989  64  633  672  867  413  981  833  46  711  593  163  893  63  707  998  527  397  418  199  727  193  248  146  835  367  214  761  979  334  533  966  694  349  248  843  416  666  255  539  313  825  55  780  751  157  709  668  443  102  833  437  841  351  15  103  705  930  576  624  98  443  871  106  926  910  208  793  929  885  523  719  619  114  14  454  421  246  592  258  104  107  802  873  713  484  696  415  552  311  981  370  800  516  677  639  161  662  83  119  129  410  331  161  905  776  834  45  971  805  129  186  946  962  817  813  801  789  296  696  662  515  145  602  680  750  994  448  882  488  199  8  892  309  372  901  87  630  39  460  558  295  
532  50  324  46  426  368  632  278  194  964  5  880  16  309  590  381  51  362  559  875  86  432  454  17  897  23  672  224  257  239  600  376  795  836  691  12  105  659  327  923  371  232  378  180  871  206  110  741  387  722  122  40  638  20  916  547  742  306  338  130  517  195  303  491  53  365  963  838  514  212  652  967  631  776  464  281  376  841  37  481  774  210  255  236  514  415  920  662  969  292  415  216  53  299  863  477  884  89  647  593  497  862  322  543  1  752  21  477  80  899  710  366  250  255  188  676  541  245  225  623  179  655  395  759  878  572  426  242  44  596  701  34  466  654  101  526  5  964  283  787  627  839  709  767  472  973  643  547  541  115  200  898  330  424  292  586  44  513  630  933  802  698  87  740  529  615  58  977  240  920  15  800  934  218  39  674  255  272  593  141  565  557  523  387  866  620  477  652  132  422  239  11  634  759  178  35  947  758  844  356  
