

Matriz a(Execução Sequencial)

905  882  576  47  867  49  327  579  62  627  611  320  882  745  441  236  521  207  608  474  863  819  830  13  42  801  262  822  825  710  545  104  1  839  977  692  755  484  253  118  865  647  830  227  247  763  129  158  726  475  533  933  707  145  580  988  759  423  606  262  223  853  320  236  484  327  780  324  781  442  194  710  640  860  36  957  504  365  600  777  863  414  406  69  989  588  9  346  457  272  987  431  388  518  472  27  61  744  988  465  
862  799  609  279  870  870  361  235  952  58  194  785  433  946  663  766  575  991  691  330  28  79  384  334  818  893  534  554  337  997  119  833  27  254  470  124  576  32  8  871  909  679  116  372  56  524  892  962  918  854  13  401  126  202  114  917  174  652  260  133  707  305  975  727  358  899  550  930  633  56  967  735  242  63  344  268  166  455  696  78  607  422  979  363  720  107  414  666  565  978  896  471  959  337  425  655  557  475  964  52  
86  120  880  469  683  334  77  934  218  17  473  767  796  907  714  35  552  448  813  135  801  912  190  237  938  41  393  901  978  657  500  95  723  69  775  903  20  25  404  197  838  805  681  744  443  8  829  182  362  75  158  330  816  836  488  923  840  870  978  493  883  89  483  415  939  700  490  432  361  291  467  622  734  54  661  61  303  737  72  520  953  289  932  558  748  450  516  884  108  754  553  580  515  984  660  135  402  487  467  684  
926  665  309  93  967  906  424  458  675  538  319  908  562  790  890  240  490  292  357  101  259  121  931  220  149  986  515  924  173  987  200  751  727  254  446  253  21  395  696  507  621  656  311  399  832  694  45  602  199  777  768  986  121  257  153  515  103  81  308  466  456  564  226  518  256  479  786  331  667  278  983  372  512  151  971  524  560  605  433  458  22  34  511  207  536  405  882  92  523  539  60  324  270  437  56  740  357  902  782  579  
613  288  786  826  983  106  471  257  342  975  825  34  90  997  24  502  543  681  416  763  199  244  38  447  756  820  13  980  738  602  5  816  777  219  949  527  240  245  288  279  636  296  691  184  969  54  822  574  360  800  241  821  686  351  190  135  933  612  172  300  387  36  68  815  576  156  444  801  814  445  648  157  441  227  801  887  829  584  630  553  743  784  391  684  748  992  360  927  909  184  930  391  332  290  429  84  376  119  650  195  
605  77  270  53  23  430  624  299  732  831  731  12  969  235  510  726  693  948  409  900  842  190  843  522  121  40  326  618  597  311  956  17  448  529  779  940  322  459  659  929  817  896  521  683  122  22  564  21  388  886  988  418  821  344  618  927  127  665  699  798  154  218  374  656  965  446  541  229  599  183  840  819  232  302  324  993  253  349  531  871  695  347  629  460  557  123  509  364  88  905  294  212  628  875  660  746  399  87  407  726  
858  503  241  103  340  317  537  739  662  285  336  783  929  646  913  647  995  420  318  699  609  309  309  383  279  989  97  605  386  169  277  296  222  533  211  616  19  218  979  925  698  160  591  41  278  987  115  487  798  125  106  722  415  112  611  596  861  958  714  156  306  415  179  738  384  22  794  530  216  416  334  962  157  594  868  34  306  439  991  375  272  843  565  44  148  782  204  398  53  64  124  994  267  645  214  190  891  246  530  697  
967  884  855  759  74  985  490  460  57  61  577  468  877  530  738  53  821  828  573  315  433  56  664  726  321  928  609  41  27  601  662  417  620  145  336  392  822  968  966  357  63  10  774  10  770  501  190  778  31  566  153  884  613  906  637  489  16  804  105  958  718  786  891  102  499  452  415  440  260  347  180  240  728  977  1  772  395  130  613  149  4  22  852  320  334  707  445  928  236  35  984  482  429  871  309  533  200  528  248  132  
641  293  168  825  784  366  103  303  283  796  195  364  770  282  699  673  0  44  222  720  153  787  492  449  455  299  696  657  623  721  45  743  640  715  654  868  307  214  154  807  846  750  188  50  859  430  720  676  534  812  898  820  43  512  600  550  781  129  184  405  564  92  996  638  678  954  745  525  566  972  816  847  209  958  755  587  725  117  65  853  732  86  293  807  806  429  49  390  694  278  96  743  171  20  744  141  758  180  110  537  
243  205  996  908  608  310  982  235  450  843  594  191  119  718  117  247  591  198  554  901  724  287  861  859  848  566  662  344  373  238  313  170  807  852  874  481  718  579  495  598  824  269  285  199  411  719  684  904  936  112  471  846  219  30  171  883  711  829  921  226  54  132  206  510  534  829  15  731  256  225  138  712  297  310  784  0  539  415  143  916  558  902  444  686  616  664  437  629  564  5  653  528  86  898  664  688  564  69  838  22  
449  756  205  766  11  195  926  631  116  496  658  184  413  421  694  233  30  569  849  275  371  371  966  989  233  348  269  516  374  303  699  854  725  536  122  443  169  191  164  728  273  88  673  713  698  216  48  907  554  469  905  595  528  498  457  174  978  918  495  6  518  656  219  254  906  497  942  843  255  238  453  654  479  417  263  866  71  531  614  894  224  848  962  664  760  934  168  127  709  555  906  51  33  907  865  747  217  299  101  138  
304  125  501  783  897  792  681  63  930  947  492  561  171  302  608  166  813  876  586  203  319  657  876  581  444  156  81  16  689  394  571  44  650  991  368  692  612  537  875  372  549  923  127  646  432  834  694  945  428  824  56  496  732  690  695  890  737  104  191  202  420  833  819  325  328  81  891  804  283  936  961  317  461  167  754  826  770  626  850  926  330  949  912  967  847  388  993  189  414  491  624  429  710  742  739  634  422  102  752  409  
947  729  79  879  871  652  377  769  341  616  350  503  913  855  597  239  541  585  132  866  261  39  375  781  292  827  861  213  536  442  270  783  80  672  920  932  653  62  657  86  302  393  119  546  310  218  379  194  249  966  844  741  92  674  144  157  841  797  597  940  442  866  582  812  101  704  625  658  525  296  565  838  849  954  89  458  614  243  663  716  904  751  623  610  501  480  896  761  466  577  881  634  447  769  318  282  494  959  886  148  
666  390  545  933  441  581  983  667  771  166  516  363  749  656  807  198  54  396  609  399  67  777  899  59  53  156  497  102  480  7  307  686  103  692  369  486  459  559  518  417  179  814  406  161  565  541  673  747  82  138  993  121  559  562  512  84  919  174  555  75  599  430  787  524  850  383  514  318  562  748  26  985  760  975  377  587  715  402  217  207  260  671  740  796  194  472  244  287  177  779  184  950  678  918  571  275  909  307  695  704  
315  120  495  197  392  766  490  780  956  811  107  517  450  198  852  547  634  47  67  730  760  904  717  195  881  220  687  853  870  275  444  730  754  103  273  843  53  46  532  937  67  644  402  545  607  948  703  131  648  538  648  112  198  48  733  525  197  508  627  448  832  203  862  838  610  404  299  806  789  59  699  534  357  256  315  552  70  347  513  648  98  999  857  445  720  840  917  457  838  826  123  223  271  608  872  928  975  477  2  906  
875  898  715  670  61  413  682  580  165  474  372  357  892  937  320  117  298  555  783  539  79  426  290  102  422  285  766  5  958  868  962  579  370  6  345  118  192  845  67  859  879  243  174  551  697  459  834  228  344  958  305  326  533  296  981  345  419  54  788  833  130  567  295  629  712  804  808  673  226  917  41  535  856  986  546  642  750  634  50  150  470  860  55  855  747  536  856  204  537  688  359  976  632  176  508  749  40  535  645  213  
70  329  578  126  116  363  932  769  118  931  382  64  81  593  707  857  478  261  959  556  900  494  986  845  460  788  727  997  622  868  314  460  208  869  544  131  679  955  385  105  710  280  816  292  435  202  435  10  457  357  421  779  296  197  929  4  593  335  570  51  901  493  709  698  790  909  440  938  845  246  260  86  625  574  77  224  601  490  402  148  369  418  208  911  337  712  89  555  196  638  682  522  515  185  402  252  705  541  533  24  
98  638  457  691  12  81  48  607  64  309  868  291  82  641  986  635  251  571  404  292  416  42  42  470  59  201  43  614  319  513  813  551  370  866  620  597  379  181  359  838  738  184  342  100  31  919  320  307  258  299  721  836  313  130  928  212  233  804  262  988  76  565  170  565  97  259  642  135  185  246  356  343  124  582  971  435  212  694  597  115  818  676  865  294  741  993  822  318  793  579  358  313  571  340  345  229  523  695  718  15  
650  783  412  183  683  524  703  348  678  379  855  216  687  64  306  487  421  875  105  690  415  948  31  986  337  868  862  771  444  234  4  255  899  150  915  395  289  133  151  234  585  714  576  764  269  277  559  3  968  107  452  98  239  58  542  891  553  263  428  603  552  22  233  235  968  805  421  86  804  286  221  546  800  855  149  869  944  983  116  37  983  391  421  284  749  154  918  127  416  651  625  961  923  770  576  200  388  490  125  740  
646  738  47  351  7  294  889  142  988  521  645  435  697  905  926  579  93  759  59  107  377  250  295  778  401  15  765  578  747  607  920  569  909  813  385  119  483  266  610  819  62  319  951  678  88  414  668  731  907  726  649  994  913  89  283  200  422  323  108  813  122  921  474  17  235  756  69  163  552  233  442  720  696  790  445  85  488  611  451  665  3  114  741  809  532  884  745  865  551  274  874  364  77  293  767  129  238  810  481  26  
121  549  110  649  999  345  251  538  494  338  743  383  673  695  426  228  533  191  764  56  638  375  866  52  703  261  667  843  33  556  768  46  659  916  738  171  767  245  246  185  477  112  187  51  857  106  605  510  8  670  769  617  288  126  256  736  61  894  481  677  959  861  375  36  673  312  698  769  645  453  657  328  170  633  893  736  168  398  248  845  370  325  660  864  634  3  665  582  66  723  958  922  366  257  145  983  208  302  289  438  
747  677  432  97  905  424  487  570  0  648  521  746  103  671  865  82  22  244  960  415  835  946  686  878  985  285  970  316  435  50  220  184  151  882  704  608  573  819  949  869  278  315  987  60  818  954  516  425  833  194  841  618  251  710  165  717  20  388  198  791  151  776  751  906  731  519  411  35  75  533  749  669  990  123  915  773  831  696  664  115  616  523  736  345  31  906  870  563  235  243  514  940  831  388  510  473  108  824  743  203  
358  121  809  39  821  117  835  434  971  527  154  387  645  938  354  745  675  924  878  909  177  45  112  846  296  258  861  831  407  762  680  879  242  437  190  637  405  292  497  158  682  761  182  565  342  116  434  565  673  142  57  654  980  118  999  833  61  766  887  490  414  865  520  641  781  555  544  53  500  981  961  926  767  203  32  61  277  252  748  234  424  926  891  130  647  427  224  427  171  988  41  149  319  608  165  486  400  408  227  850  
956  123  549  598  23  689  923  495  984  894  764  740  818  526  40  693  694  279  121  222  662  503  407  699  916  907  674  42  585  353  946  632  130  866  483  513  269  215  909  336  297  919  559  38  763  131  883  595  389  823  141  382  41  405  869  731  971  446  468  320  748  216  715  523  579  351  534  276  326  217  8  306  910  251  632  557  216  65  281  592  104  566  616  753  328  664  950  526  751  254  677  733  933  634  576  608  537  653  195  363  
517  955  265  19  810  684  268  581  549  836  486  368  859  968  774  241  185  757  855  905  435  687  83  941  950  850  805  489  970  249  684  969  639  361  987  134  464  89  669  322  133  96  566  696  922  650  452  706  709  944  644  41  221  900  978  667  758  358  720  868  953  894  711  331  695  327  796  575  302  3  177  631  205  40  332  115  657  559  341  346  738  214  89  352  408  321  356  52  79  985  67  772  905  8  311  877  154  640  262  386  
751  504  795  992  592  610  726  997  780  460  822  355  348  65  722  900  960  779  999  859  581  711  324  621  920  420  425  962  212  657  710  236  295  523  728  915  723  649  350  242  808  436  273  201  206  533  82  744  456  461  694  925  989  875  868  483  304  390  512  495  688  679  368  23  905  489  819  138  961  864  577  430  23  419  324  586  245  128  174  560  574  995  462  278  930  634  122  570  39  976  128  512  282  764  399  321  251  13  128  409  
407  173  42  477  822  566  987  784  420  117  346  761  901  194  993  274  609  233  561  927  560  816  893  624  535  549  864  621  112  900  931  910  672  826  711  508  577  529  376  199  88  840  26  277  689  493  613  164  438  394  340  652  639  650  844  12  187  446  856  823  220  609  617  595  993  52  738  542  805  406  617  949  580  148  769  610  478  889  861  737  972  714  96  23  944  257  864  176  17  603  152  475  883  632  780  764  389  775  904  87  
220  651  569  947  285  39  573  611  416  457  670  684  680  933  409  91  990  385  517  935  733  784  111  902  809  974  979  511  329  479  620  787  451  60  668  328  38  59  904  515  155  465  35  690  381  207  739  236  999  551  832  246  509  585  776  82  418  6  735  965  792  112  844  694  863  956  15  710  260  149  831  489  627  862  224  839  800  204  433  550  214  126  723  672  690  994  702  237  354  965  94  781  319  302  42  100  922  167  925  914  
459  961  629  118  564  44  777  558  324  200  448  766  479  650  668  450  627  990  878  882  949  526  539  185  330  428  11  602  810  786  658  712  774  427  192  239  138  941  155  884  229  758  788  70  206  264  887  24  665  603  412  461  71  373  106  902  372  376  267  426  905  536  571  723  537  583  506  785  345  631  9  93  761  948  473  60  615  236  438  174  563  3  627  802  924  791  48  424  177  957  470  978  404  166  314  112  337  345  48  182  
565  670  567  61  378  252  410  747  182  608  463  263  66  892  616  981  992  63  559  498  518  478  831  493  240  799  869  610  578  765  22  428  754  245  641  159  564  612  205  831  767  779  925  376  205  680  88  827  584  26  358  137  407  408  739  951  464  255  752  158  7  959  383  190  629  408  932  951  284  510  516  788  430  598  37  628  566  780  260  478  758  187  798  320  95  296  998  44  231  387  221  760  37  330  64  753  776  772  827  891  
277  599  300  982  687  871  298  369  705  116  523  476  615  110  69  333  475  192  652  529  915  382  554  604  679  116  813  695  240  748  387  573  76  203  768  74  214  209  920  440  123  852  968  16  263  200  518  33  278  517  593  856  206  492  370  269  330  463  642  893  961  973  470  361  733  526  358  563  880  929  107  152  607  48  502  438  851  748  293  875  621  539  48  79  534  858  730  272  57  704  651  72  928  146  458  965  802  36  176  980  
815  882  776  603  682  420  194  10  277  847  286  445  995  886  742  441  62  276  173  512  849  940  643  379  71  463  650  451  690  793  163  163  688  993  778  958  0  547  320  225  506  564  278  756  773  785  863  130  818  653  639  354  717  277  528  642  43  889  187  511  63  9  379  820  255  9  157  540  316  611  163  165  23  112  384  411  286  170  423  534  533  761  980  610  594  384  916  113  977  539  312  391  870  607  595  641  297  494  781  114  
170  446  873  92  646  93  409  872  179  676  593  786  245  676  593  859  251  585  283  708  123  498  29  245  370  369  425  839  112  37  135  340  448  18  252  913  917  914  795  892  335  746  730  680  325  755  48  562  13  84  907  752  535  745  454  517  823  497  47  99  529  49  246  765  583  913  17  704  246  520  244  414  431  578  318  886  681  874  200  323  619  620  302  439  863  572  799  396  251  53  530  136  825  79  422  50  821  960  340  525  
567  645  464  680  710  390  9  543  501  924  930  538  810  311  625  455  665  408  405  990  791  103  397  82  322  586  420  911  654  699  912  932  298  973  993  287  625  203  231  599  53  741  732  842  302  624  392  195  359  72  403  231  82  220  678  829  978  190  531  56  901  254  426  786  797  691  165  38  868  629  835  610  789  585  817  591  666  370  103  551  47  145  838  258  341  864  367  381  811  16  639  600  551  485  798  753  122  843  135  210  
210  944  130  220  633  350  813  903  530  706  889  359  148  582  305  364  71  407  613  446  731  804  956  899  15  652  752  519  119  434  347  143  272  824  728  330  853  317  756  20  811  389  68  352  673  867  456  417  161  693  316  53  924  300  319  791  554  655  332  167  871  963  366  312  617  529  593  126  597  468  795  538  25  333  658  12  732  469  671  772  914  238  503  980  276  238  275  78  524  137  645  141  878  307  363  954  665  935  256  102  
365  462  357  607  927  839  751  401  720  703  594  90  468  374  364  753  885  126  212  428  976  520  72  269  903  101  342  465  341  125  531  749  961  224  623  93  938  63  425  530  745  678  134  990  251  864  165  799  205  199  798  39  546  838  113  12  896  213  540  536  73  73  628  127  805  669  755  264  245  561  626  59  978  293  382  317  324  578  423  579  743  205  758  128  639  217  644  588  116  496  151  644  992  877  183  112  542  809  495  494  
173  265  256  80  945  600  703  299  203  742  254  767  678  517  495  262  250  499  165  459  503  569  293  697  543  855  562  573  62  873  919  881  565  50  36  981  497  532  867  964  875  977  437  872  344  130  870  19  737  809  807  796  549  644  586  498  657  129  967  224  306  96  445  141  154  330  117  103  614  860  992  987  944  192  905  35  968  176  117  972  813  271  631  659  650  438  616  428  675  720  116  7  646  363  903  7  295  68  870  120  
540  581  650  317  431  85  942  243  338  492  514  13  372  305  737  164  777  363  85  123  313  136  123  197  47  685  528  411  561  507  714  518  263  306  723  469  772  517  160  748  914  825  649  393  66  899  257  540  760  101  68  130  837  165  728  686  583  883  684  125  179  340  846  84  755  896  777  192  994  596  835  954  27  268  620  117  298  585  570  45  106  579  482  862  422  523  497  702  19  640  632  720  386  700  638  902  668  505  71  674  
150  222  426  489  827  328  961  693  745  447  49  725  323  662  89  579  870  886  408  401  688  520  423  449  570  997  885  368  550  708  665  894  459  702  698  5  845  410  131  180  338  592  266  559  431  92  527  260  873  706  722  676  496  656  85  444  790  772  433  703  701  730  932  338  6  66  23  979  125  397  30  7  314  306  545  319  323  201  520  214  180  482  475  409  633  43  287  132  978  205  756  725  901  178  819  495  258  613  397  350  
327  349  791  729  836  847  570  249  313  727  406  628  699  932  415  246  117  325  991  566  923  820  459  592  834  869  210  268  196  50  880  346  871  431  825  263  925  45  984  729  302  501  975  692  513  74  809  46  810  907  187  781  821  668  322  387  440  753  462  675  95  982  339  555  521  174  376  893  16  350  752  540  606  620  86  527  890  585  934  205  322  481  367  366  723  651  836  618  796  585  202  352  328  702  195  829  417  214  344  975  
882  351  750  868  861  266  360  588  980  942  362  776  163  769  373  949  201  852  422  145  736  146  194  769  466  668  188  788  731  956  894  360  958  324  694  271  304  603  63  861  184  587  353  281  528  986  947  950  853  234  541  676  601  463  410  112  810  181  666  749  180  228  925  349  17  537  19  560  361  250  953  887  948  261  399  94  228  317  44  68  72  891  482  512  371  869  95  897  516  629  544  362  750  49  458  177  671  946  859  979  
213  259  426  886  868  928  391  265  437  200  501  812  969  1  60  728  387  527  403  826  683  392  971  625  806  983  863  441  979  474  728  860  184  67  100  101  195  512  70  640  734  959  121  169  249  697  973  271  291  33  205  77  971  210  239  541  832  234  842  889  593  207  846  256  455  485  237  665  982  9  912  462  690  596  108  728  543  527  723  259  616  728  102  910  305  671  176  266  720  47  894  500  190  868  339  289  972  613  880  637  
728  94  480  280  927  478  626  589  396  47  552  703  351  7  860  819  49  106  898  853  347  906  240  104  606  284  489  613  965  368  722  366  190  181  36  104  296  102  0  259  951  197  232  920  34  475  866  574  254  257  688  120  875  853  290  350  556  365  398  623  652  57  861  96  412  968  846  387  649  954  392  511  810  805  641  424  543  447  588  827  44  582  943  129  277  743  754  509  301  57  339  851  687  629  471  246  677  317  403  918  
214  838  721  461  769  171  413  805  48  351  607  960  241  270  483  186  358  713  812  743  300  357  767  413  904  671  707  53  853  38  567  164  75  484  860  608  337  594  745  434  371  128  270  775  766  318  688  345  400  305  810  264  813  61  125  505  973  324  46  9  81  528  222  665  852  635  31  861  38  224  273  970  210  877  997  444  890  656  297  193  25  339  330  382  142  861  248  196  368  406  643  942  965  911  435  337  373  980  661  0  
283  439  857  427  603  99  264  412  710  929  627  431  315  890  231  251  217  537  877  800  767  700  470  671  516  263  243  824  826  61  946  349  84  725  628  841  777  941  52  435  369  981  970  333  692  682  958  396  962  197  160  427  525  495  643  8  82  220  66  651  919  714  242  71  94  612  296  614  119  983  100  229  204  512  242  577  334  55  233  820  934  501  509  752  237  190  711  743  140  146  44  476  40  894  226  674  965  169  231  952  
307  438  332  957  342  150  815  965  127  335  846  184  208  44  967  387  485  610  429  966  478  797  228  153  777  997  869  604  908  152  942  313  432  717  961  736  169  578  764  335  802  547  512  628  309  320  707  408  968  681  425  626  835  840  879  349  270  76  72  167  408  869  328  423  49  585  886  569  241  786  134  474  474  545  788  715  328  243  93  476  346  174  719  478  824  873  617  396  739  494  589  423  244  892  842  541  524  325  15  598  
435  424  265  698  453  644  173  266  790  555  393  833  470  38  540  615  416  234  382  523  252  423  898  1  372  73  265  287  180  381  920  128  579  826  361  500  70  441  783  604  707  730  426  589  802  164  811  689  176  433  546  956  37  428  595  409  190  688  735  82  381  774  374  446  276  946  193  610  504  667  990  159  674  821  142  355  905  901  416  415  131  664  944  412  611  648  914  499  284  716  808  784  139  987  36  586  450  909  159  322  
745  814  983  477  567  160  903  407  383  484  600  774  854  532  893  808  152  424  13  258  866  435  66  655  58  633  782  833  602  775  581  686  596  447  757  778  815  695  466  781  824  269  790  377  236  273  237  243  769  999  255  515  765  71  39  161  510  475  664  462  672  909  88  564  765  282  620  275  790  670  482  778  480  589  94  54  714  179  28  673  643  834  556  618  728  718  44  756  795  750  623  222  967  328  515  848  0  657  129  956  
551  105  61  936  251  647  333  487  187  822  182  854  240  643  497  266  880  138  741  147  533  676  478  933  52  199  420  52  248  834  126  505  583  972  669  237  757  152  501  720  444  830  878  215  301  401  729  136  320  648  486  3  744  84  26  63  290  61  117  157  387  809  385  37  177  410  207  532  658  283  252  71  281  463  825  998  823  246  912  543  453  244  466  630  400  55  5  423  814  902  35  688  396  177  294  549  234  993  255  273  
470  692  918  365  365  92  675  505  992  822  595  13  643  394  982  146  369  156  285  305  683  397  186  983  919  54  919  957  101  323  896  288  277  896  437  17  612  427  895  379  70  877  508  363  245  78  158  489  295  732  157  867  934  32  413  248  976  805  810  256  551  149  312  909  939  234  999  941  195  694  907  807  627  232  921  224  80  140  390  593  998  517  554  711  354  105  1  14  187  361  2  219  499  756  761  333  140  95  527  606  
358  923  209  68  197  306  110  358  927  55  337  269  570  586  375  778  500  973  706  270  725  111  4  321  30  402  872  498  341  298  714  464  384  716  182  219  647  480  69  602  646  493  653  250  344  560  88  431  903  49  148  594  368  786  155  503  236  564  320  738  216  575  178  846  502  350  934  369  836  197  516  191  842  585  196  834  610  50  385  35  408  751  499  71  417  46  851  401  936  814  927  240  58  435  949  445  51  437  708  867  
354  958  958  179  95  214  579  506  637  813  111  842  699  444  194  562  748  232  200  819  398  388  735  152  88  65  126  240  236  429  990  764  420  814  520  943  568  201  365  47  422  388  413  423  307  620  111  582  37  51  839  672  291  321  453  38  4  806  330  716  788  986  982  728  981  585  485  850  226  854  840  612  567  443  887  359  460  138  228  711  704  844  939  580  690  347  285  511  803  589  108  301  272  128  729  299  755  748  481  590  
32  362  782  421  789  367  465  654  171  868  885  665  970  782  856  413  25  525  827  141  146  427  352  151  483  658  794  57  145  874  256  432  279  663  460  894  885  507  352  687  700  285  528  912  757  533  490  589  201  170  890  438  379  107  154  325  362  670  103  894  531  856  871  451  955  458  926  915  281  308  479  23  962  288  855  585  398  622  230  97  192  984  911  989  892  273  79  196  536  910  338  679  85  33  592  556  367  638  751  489  
279  37  474  161  778  443  815  582  962  956  143  44  858  65  414  838  231  785  690  191  434  696  984  78  770  697  322  15  791  617  972  410  225  930  910  203  839  152  724  157  27  292  385  443  2  130  171  269  850  761  807  827  916  686  445  537  704  853  438  959  336  318  922  148  157  464  302  879  981  540  450  393  847  217  169  178  429  615  769  174  799  466  3  372  993  685  748  707  218  704  50  857  405  768  746  682  949  282  222  185  
530  748  837  630  952  775  818  388  398  36  822  182  388  674  120  261  253  233  571  568  820  399  73  793  731  709  947  496  879  829  794  806  943  690  912  968  35  611  88  558  506  533  636  71  507  924  164  387  373  646  420  173  506  149  79  530  486  799  48  994  582  764  895  842  75  235  96  772  797  752  815  908  372  910  768  135  922  357  139  674  557  368  452  372  784  959  256  385  129  492  540  605  181  491  512  737  248  378  361  956  
545  155  124  897  217  379  797  937  100  992  679  397  24  363  783  59  178  79  729  66  633  150  188  307  762  471  89  398  778  709  166  518  522  407  18  570  724  631  281  425  540  930  806  145  2  763  264  556  612  316  877  784  33  186  548  74  824  995  159  982  430  759  461  309  694  616  589  123  554  432  630  979  944  54  172  594  529  964  52  61  571  167  129  336  709  500  439  397  562  748  829  108  663  940  752  589  87  35  906  423  
143  72  409  460  227  656  203  851  766  977  455  937  377  470  103  46  867  176  155  544  838  717  95  94  2  367  300  882  819  755  107  419  798  701  965  654  785  749  265  153  63  584  757  173  715  821  821  381  404  481  394  423  431  410  841  613  11  789  28  960  621  677  886  427  435  217  184  319  958  224  713  184  824  627  786  763  509  791  263  842  511  941  753  542  817  608  408  88  981  883  94  132  121  532  583  714  963  505  460  914  
221  829  151  451  357  871  641  833  99  448  399  1  53  895  883  338  992  474  567  441  636  243  748  952  666  549  960  629  546  249  854  691  44  697  456  767  184  648  631  977  74  205  171  333  469  426  614  413  168  909  10  285  733  322  987  242  790  931  191  952  219  309  522  70  582  96  831  304  856  419  664  585  692  857  342  147  377  948  924  277  405  148  470  831  844  948  551  581  936  90  928  846  202  793  916  368  463  621  40  753  
399  122  144  380  782  528  540  247  117  39  290  805  931  420  478  764  332  733  820  53  628  583  933  108  397  649  615  219  931  428  967  951  921  33  379  702  821  287  178  396  478  944  700  89  990  735  926  416  346  713  189  470  566  741  340  181  813  936  225  949  318  441  761  310  267  174  436  364  259  834  723  575  103  380  462  69  266  92  858  679  929  100  863  253  218  120  688  175  528  916  308  337  876  249  249  417  464  868  864  720  
430  283  35  571  813  293  91  254  115  508  655  276  630  985  662  28  100  349  69  235  642  296  444  275  49  440  883  445  581  39  563  488  176  896  999  477  828  584  456  166  741  422  208  179  284  270  358  241  848  328  352  168  350  519  399  527  586  977  420  726  614  994  520  775  191  253  385  577  551  480  833  883  700  731  841  682  704  5  618  535  626  179  436  632  713  750  39  841  961  384  663  23  950  610  237  153  525  501  552  563  
906  523  978  296  292  569  518  907  965  388  424  90  918  612  661  472  551  250  849  886  475  9  112  789  642  116  180  130  768  868  125  662  122  204  758  873  225  707  684  683  288  981  314  86  176  791  711  867  34  149  601  112  68  577  99  707  773  386  578  294  506  951  117  503  531  566  451  330  688  574  966  501  292  237  829  176  388  687  559  79  41  212  323  981  808  116  405  334  635  321  131  338  513  801  381  369  464  111  595  319  
411  389  344  134  790  304  596  618  798  168  368  309  566  811  259  168  748  637  193  802  186  605  58  640  808  551  897  545  462  9  219  213  15  245  479  802  474  610  317  482  306  863  143  164  901  14  348  485  802  80  187  731  11  618  293  70  906  188  883  219  928  218  622  902  345  433  318  236  675  551  282  323  372  943  54  814  859  56  883  376  999  770  464  724  805  660  78  415  21  52  673  307  451  660  418  216  971  13  753  241  
77  363  200  649  137  909  147  632  716  871  36  534  48  374  483  90  65  511  122  679  372  652  182  596  514  12  649  774  394  94  613  909  797  226  907  88  155  124  17  605  371  942  618  681  327  432  88  312  310  7  324  178  99  847  254  403  874  742  0  572  819  591  996  275  175  15  622  988  703  816  589  386  932  328  363  239  850  333  691  155  493  655  370  92  5  538  550  251  494  806  547  415  864  757  948  744  766  584  447  201  
882  958  553  419  813  202  25  43  235  320  889  591  957  805  934  762  592  240  712  121  571  712  133  905  207  891  473  488  159  391  216  876  454  185  499  995  839  777  769  409  120  838  93  344  640  723  645  847  751  109  27  313  877  368  52  104  266  301  645  558  45  258  782  912  80  486  71  503  640  871  22  845  171  906  651  737  930  6  731  174  342  982  648  878  303  225  346  630  951  968  662  255  300  227  596  537  229  520  855  731  
44  817  558  699  186  833  151  102  728  419  459  861  953  606  789  669  205  633  716  193  616  159  815  222  786  143  240  899  943  523  193  587  638  691  507  624  847  366  638  717  790  356  451  712  76  850  661  714  116  890  749  212  27  823  389  25  688  42  492  258  236  732  544  114  219  193  26  806  864  773  11  424  935  278  669  297  819  973  132  448  440  274  643  108  179  155  18  985  109  256  645  418  926  94  353  812  822  615  527  187  
119  419  323  844  591  877  806  149  386  763  439  220  628  355  768  795  827  999  508  861  371  981  711  0  811  558  6  775  164  921  38  682  146  211  216  28  851  860  881  505  445  89  256  522  340  586  561  143  529  496  223  535  870  853  278  247  389  535  885  69  905  42  426  927  724  897  136  885  215  529  644  864  856  186  293  269  270  531  426  282  32  377  397  84  115  748  853  435  458  998  81  178  376  512  624  662  745  586  326  107  
734  911  481  62  695  619  722  922  819  178  382  586  179  271  452  32  301  293  153  0  317  157  631  804  725  85  788  412  388  761  431  33  957  225  133  551  694  719  186  357  985  619  307  90  632  189  631  750  673  30  342  786  785  907  826  309  581  871  386  859  547  875  222  332  31  189  564  135  106  123  464  465  500  34  507  694  170  375  755  515  659  801  104  901  244  769  502  585  483  392  702  817  985  83  943  248  33  421  42  338  
501  786  139  267  711  987  371  755  37  986  538  114  366  203  370  989  129  798  535  565  132  749  971  705  98  910  838  664  214  102  674  101  292  320  76  991  543  377  743  691  461  537  378  648  742  97  234  575  395  571  74  37  348  178  990  455  170  295  224  457  291  141  97  811  427  234  921  832  544  538  330  860  566  889  350  585  632  581  106  710  200  366  34  277  14  3  651  927  525  794  703  295  131  364  379  791  975  491  293  811  
84  560  953  216  756  69  27  656  664  332  526  46  435  850  923  872  919  932  950  270  119  940  450  261  595  856  908  0  362  199  748  771  338  361  640  117  83  266  452  67  977  754  756  267  592  468  226  419  874  41  218  566  140  808  386  280  663  741  775  415  617  507  803  774  180  159  691  446  663  955  749  891  192  603  422  945  779  295  281  354  956  917  644  245  584  155  917  715  769  278  626  993  265  50  197  334  518  215  758  176  
908  972  778  679  400  850  954  941  656  120  854  656  744  494  144  718  247  352  966  956  248  593  239  555  220  1  206  295  421  573  372  421  46  890  368  945  46  245  306  97  931  921  661  506  611  758  930  77  101  595  265  509  694  121  451  47  880  555  267  958  741  413  658  819  329  392  354  982  165  55  994  19  128  1  232  883  192  787  894  134  566  561  955  98  311  801  401  747  431  93  350  839  57  3  788  692  417  842  252  97  
122  691  904  198  859  914  981  696  148  7  871  757  278  333  966  976  777  63  471  314  247  58  822  686  469  75  510  598  450  205  923  519  464  446  102  222  424  520  824  389  34  151  370  143  161  484  241  755  77  773  79  656  330  158  468  774  134  984  996  420  352  860  569  140  796  533  249  871  155  967  19  430  239  16  587  662  532  17  613  343  929  928  342  537  182  878  533  404  928  648  73  618  712  12  196  867  305  346  789  573  
552  604  852  982  846  852  942  16  449  872  888  695  409  252  832  642  846  197  574  435  94  725  466  549  60  864  232  465  844  794  550  525  699  715  358  50  452  272  494  720  733  590  933  968  864  885  952  845  373  200  851  24  205  469  547  231  969  517  15  354  241  625  535  114  880  590  5  917  261  375  120  714  596  535  904  5  451  391  603  888  473  778  598  47  32  170  95  782  731  630  863  305  107  283  789  231  532  484  14  4  
540  391  32  378  291  277  253  764  541  446  222  382  981  111  357  260  212  217  740  53  839  327  475  635  654  172  492  482  873  430  220  907  949  947  762  189  948  246  809  14  347  494  162  907  220  116  547  370  876  566  476  528  527  701  88  996  287  631  312  166  396  954  507  726  637  446  26  133  861  478  991  506  288  843  998  571  260  852  916  29  77  709  148  483  9  315  913  479  442  730  229  512  977  460  207  816  392  486  811  896  
360  984  988  178  57  912  917  251  392  308  349  443  474  2  136  50  47  550  970  97  498  120  190  554  437  94  773  773  433  965  938  377  546  928  642  947  481  499  978  165  636  439  968  246  224  361  3  842  351  297  855  630  236  300  256  690  538  487  120  547  93  593  195  220  448  307  79  8  493  910  530  671  820  233  420  651  835  798  579  885  955  16  308  721  475  355  151  283  269  880  652  188  191  140  58  861  252  12  95  782  
433  934  129  444  796  87  738  213  646  973  66  769  649  512  422  63  556  42  951  408  323  327  846  621  59  683  523  864  748  119  100  193  920  736  914  120  712  556  160  753  501  457  53  633  515  588  72  939  650  755  363  80  502  224  217  105  447  650  225  258  947  913  500  292  598  62  139  87  996  957  353  475  101  904  551  889  759  425  919  619  210  443  961  476  740  717  201  773  716  149  969  157  28  469  714  756  208  309  966  85  
116  453  697  366  266  404  822  381  335  426  870  585  247  454  187  249  575  53  658  341  801  456  599  151  541  640  298  541  938  913  256  847  628  48  285  95  511  738  452  625  993  139  57  137  622  216  245  132  949  81  105  116  40  726  38  563  89  949  529  243  471  174  28  655  888  899  671  466  664  351  998  378  600  705  36  368  826  21  781  375  217  119  865  775  197  685  452  477  627  1  26  137  652  759  264  539  700  585  293  386  
498  45  288  747  160  319  851  914  0  232  957  680  662  563  838  266  997  72  331  105  545  559  193  459  380  714  270  438  36  463  339  508  217  745  342  336  116  226  155  27  795  487  34  826  698  960  949  112  483  658  816  988  942  563  811  663  67  722  907  948  580  920  340  548  88  695  251  413  826  77  599  70  952  188  120  329  559  674  504  270  324  600  183  112  750  930  514  431  383  818  211  97  808  64  643  645  748  482  324  222  
77  172  508  152  595  533  699  42  523  118  997  144  164  543  803  163  813  695  356  503  497  7  930  346  893  148  999  332  184  912  133  727  129  68  484  716  423  476  815  351  433  391  352  209  918  649  794  168  750  479  85  317  496  974  867  505  917  704  737  373  505  180  346  388  98  304  469  215  680  342  439  158  157  41  315  982  598  907  374  851  559  404  263  803  301  697  27  812  493  246  311  211  386  121  294  74  916  613  27  557  
75  263  792  802  74  385  764  58  249  841  860  272  35  285  464  597  991  517  270  990  745  340  172  219  896  597  326  596  931  542  488  930  68  19  198  119  478  722  871  795  763  607  831  412  766  556  835  521  216  158  768  283  654  342  964  808  351  354  710  846  27  208  274  937  462  598  892  153  484  353  462  58  639  257  117  617  428  885  797  760  420  792  28  719  102  95  764  624  897  85  154  908  144  870  252  334  310  916  368  884  
152  65  839  918  738  754  120  125  41  532  929  865  0  7  312  750  287  899  207  244  781  90  230  898  966  524  962  855  287  961  20  428  990  903  965  105  679  440  797  387  193  270  411  662  720  630  966  829  955  303  793  155  797  5  285  893  953  615  249  446  214  225  629  198  498  462  636  416  883  485  440  455  688  575  175  820  183  347  858  782  119  702  79  391  853  82  684  399  597  42  52  544  694  839  143  773  688  818  265  591  
441  743  52  245  162  506  201  391  521  280  970  167  600  949  99  45  186  533  535  46  726  713  295  760  476  777  349  493  628  632  343  313  150  344  127  449  124  675  822  698  235  203  897  843  449  807  36  745  144  18  970  869  160  633  599  307  3  161  797  114  978  531  818  915  21  341  531  607  312  902  225  450  617  470  50  766  333  136  107  398  642  901  97  464  343  813  439  429  744  756  897  776  958  672  150  32  195  691  981  364  
75  89  319  954  494  990  418  341  674  221  653  209  525  521  95  203  272  314  59  329  470  695  798  739  124  690  688  965  332  628  328  419  121  109  442  504  503  104  948  2  682  697  391  253  372  844  449  498  877  531  551  996  666  492  863  192  112  13  667  806  458  501  730  536  935  0  32  861  863  662  750  179  43  864  781  87  268  696  323  778  875  245  152  282  16  304  34  601  783  270  772  399  60  233  741  839  271  869  541  976  
18  501  842  482  664  895  937  155  776  147  665  437  70  507  704  582  483  175  201  308  203  408  837  587  748  246  534  404  318  209  11  91  502  520  837  221  252  778  769  988  61  599  454  761  419  825  934  957  639  468  1  364  273  967  708  182  286  303  41  547  473  175  504  27  716  973  779  199  133  156  768  447  326  729  735  857  844  300  347  907  249  885  678  797  21  8  476  926  200  279  570  577  298  675  823  619  707  79  304  724  
718  313  802  104  992  549  440  985  223  55  485  403  29  125  11  180  580  431  282  517  731  396  700  257  398  258  557  329  381  129  439  129  571  589  140  723  598  15  349  366  710  271  151  354  550  839  77  731  440  471  256  824  685  776  356  199  898  31  252  838  182  697  318  272  296  53  600  531  741  595  786  378  295  159  101  84  617  9  609  264  262  180  212  146  674  473  694  487  928  919  18  105  459  89  751  615  904  549  349  884  
328  140  98  427  340  891  308  652  953  829  537  957  19  970  826  672  541  57  574  893  38  597  202  876  631  671  607  33  841  648  220  372  684  128  746  419  59  824  919  135  491  264  953  792  521  310  324  102  547  789  903  605  14  878  609  548  111  205  585  794  118  386  635  773  565  794  838  40  510  265  258  280  786  55  679  756  694  724  616  927  967  649  862  788  150  717  274  884  263  640  314  926  347  847  933  644  614  285  202  749  
699  947  521  997  979  964  765  358  932  295  217  952  622  297  240  836  697  502  537  977  226  748  495  97  12  476  518  108  195  358  905  279  492  97  809  216  881  388  608  800  857  179  28  341  763  785  406  99  818  302  138  943  612  909  193  296  269  405  611  90  313  146  384  392  823  47  445  309  553  946  476  687  391  157  555  201  75  660  815  364  791  520  330  969  587  511  471  909  170  749  46  586  92  875  355  550  879  850  689  513  
470  324  924  984  108  64  580  345  257  232  669  275  403  48  292  820  408  677  876  958  656  752  317  375  511  142  462  539  872  541  258  552  773  517  54  630  26  448  674  177  906  592  358  516  786  515  692  860  657  21  379  190  249  587  732  942  999  247  413  605  445  893  547  990  49  369  356  749  679  754  810  164  330  375  396  108  559  397  310  292  626  778  945  753  538  369  926  315  575  138  203  951  956  277  240  118  15  643  627  641  
910  193  583  551  420  282  851  749  0  632  215  993  686  911  74  307  527  590  86  929  500  899  181  981  96  665  917  461  859  976  135  958  898  442  597  78  996  222  929  349  688  570  426  135  234  841  681  953  532  879  587  949  585  69  791  972  149  334  991  942  0  589  779  593  497  504  744  52  671  621  312  7  955  839  707  641  905  661  660  189  669  895  382  610  195  990  917  182  15  815  753  358  162  356  100  877  734  680  589  246  
721  252  333  295  277  770  847  324  664  861  13  453  815  299  61  894  965  793  498  345  90  89  879  937  343  698  462  845  573  588  71  216  533  799  772  177  114  47  785  780  514  846  489  980  692  110  659  699  28  305  508  239  266  487  269  555  608  531  365  927  898  131  650  909  823  306  129  282  934  387  565  740  140  420  380  950  193  13  124  293  27  603  85  702  859  782  584  799  147  683  709  230  104  486  307  106  557  945  471  220  
317  665  320  593  410  947  649  607  659  459  13  433  751  292  33  73  585  929  3  634  332  22  537  607  509  828  220  34  856  199  404  797  443  318  964  655  567  191  861  955  204  844  369  347  20  558  998  669  704  108  555  967  142  992  606  836  68  70  11  763  510  18  18  616  404  541  855  721  583  179  677  431  66  949  428  743  21  774  718  988  156  308  314  651  846  732  856  603  969  802  828  286  355  196  317  41  380  2  933  556  
87  341  274  558  767  449  379  328  902  464  191  764  681  316  246  258  151  328  59  870  424  491  769  986  474  859  459  500  231  226  584  475  379  424  571  875  121  988  536  299  628  520  851  743  467  496  787  231  262  806  243  587  797  222  624  961  224  745  982  973  233  616  350  404  798  743  362  148  698  619  466  99  275  81  550  35  374  621  587  703  294  676  123  381  468  6  589  608  553  963  155  696  302  209  938  728  476  287  445  845  
248  970  978  502  942  721  726  875  614  654  556  150  356  692  312  512  793  440  834  314  367  477  902  346  10  528  489  390  74  373  422  712  597  851  317  845  218  939  245  435  543  424  745  951  988  867  590  185  40  359  341  453  89  651  139  30  370  649  93  952  564  803  545  50  487  173  688  303  498  498  96  56  742  598  422  607  968  821  601  282  590  711  1  378  305  417  269  520  128  129  564  667  517  582  76  840  129  473  855  414  
802  4  571  276  77  957  232  634  23  670  260  409  589  21  986  784  203  667  810  124  241  788  273  171  442  314  841  85  286  821  380  831  616  147  122  829  761  208  762  283  595  146  996  113  282  12  261  521  516  805  284  726  378  708  961  227  158  971  965  84  788  685  405  37  405  84  472  190  871  267  624  943  688  421  589  302  905  697  189  850  888  283  360  946  557  95  839  936  334  404  572  979  614  755  5  629  224  763  50  443  
617  211  462  842  611  347  547  788  326  639  582  30  994  536  329  413  511  697  663  157  765  651  698  38  64  509  736  979  691  212  972  0  141  395  305  415  376  159  842  247  126  906  308  986  14  962  405  730  717  621  525  399  56  555  898  103  685  15  59  50  594  75  402  169  941  472  364  51  282  543  365  844  475  847  692  202  114  51  654  629  681  535  598  754  339  423  770  732  915  420  704  488  98  572  464  859  590  941  11  850  
878  565  561  805  234  497  953  801  607  992  233  42  481  612  133  113  856  300  980  247  493  745  926  430  990  243  769  256  381  710  315  871  567  623  610  240  608  869  255  749  843  6  129  837  383  39  302  137  886  327  988  486  815  704  518  731  355  523  610  998  845  248  695  103  706  735  252  792  479  406  91  47  730  679  204  178  129  684  110  982  759  362  208  52  357  192  950  9  285  458  767  720  81  798  787  398  10  834  866  185  
493  840  272  6  607  392  868  478  538  680  735  300  983  994  218  669  163  618  153  404  847  835  868  338  87  261  243  535  84  884  321  903  812  456  18  332  471  445  230  171  181  918  712  534  171  571  703  750  37  788  11  466  373  217  124  176  593  8  460  71  259  289  949  871  386  993  725  573  21  218  934  719  200  539  714  544  247  561  627  537  39  930  89  549  484  641  916  358  373  123  521  737  684  597  882  915  481  480  110  871  
414  146  0  837  437  202  2  992  870  584  74  636  461  87  69  777  376  559  752  105  534  299  606  146  834  28  516  121  431  944  920  52  62  563  951  729  818  56  661  712  901  716  552  113  91  895  13  740  12  855  188  644  95  619  264  990  34  114  630  780  591  349  615  208  504  111  224  367  818  912  951  133  319  984  384  582  197  198  213  280  173  53  604  267  854  168  554  785  232  346  989  64  620  116  784  745  496  84  287  956  
177  454  162  34  777  674  383  854  632  274  272  377  54  893  643  818  766  597  648  926  190  346  61  113  516  921  61  665  875  276  800  962  171  671  252  180  478  764  145  926  470  612  729  885  724  211  326  621  787  926  654  586  347  36  346  843  74  318  492  980  820  597  431  631  11  782  480  295  467  644  497  0  180  186  151  942  482  19  713  672  361  120  953  160  617  989  231  355  345  945  745  767  8  585  471  838  455  504  842  78  
59  604  53  914  806  863  979  784  485  704  888  87  588  671  404  613  925  538  866  819  527  470  6  582  163  349  405  763  594  992  103  806  387  497  615  766  440  304  747  865  104  784  550  223  872  181  659  77  682  773  149  729  63  784  257  877  736  117  517  682  616  826  898  618  806  231  804  362  767  768  994  490  960  901  169  235  304  736  699  700  396  707  93  808  789  763  54  775  396  77  970  280  469  267  975  40  105  242  16  281  
429  828  836  18  448  605  555  311  234  380  935  637  64  40  597  988  221  436  39  849  754  608  650  487  829  774  338  890  463  878  766  983  232  622  822  899  181  258  297  455  401  492  75  645  154  144  59  753  290  326  490  71  271  916  511  85  804  927  512  836  693  927  963  785  810  853  211  298  923  729  742  887  946  700  907  631  373  766  521  196  946  893  898  428  270  348  414  237  774  963  484  876  695  705  859  865  192  314  599  323  
