

Matriz b(Execução Paralela)

915  493  665  554  755  185  844  976  882  919  385  265  821  168  473  683  788  680  408  385  547  603  879  546  174  673  807  729  430  661  472  136  344  664  999  929  381  772  438  530  156  448  133  172  706  480  766  441  244  653  246  159  460  616  728  405  943  886  947  737  159  457  556  428  260  972  582  755  181  568  461  323  508  527  219  335  64  428  298  801  140  149  112  803  956  87  232  696  448  965  660  573  281  508  472  909  513  581  779  797  
47  55  71  253  991  17  31  383  225  906  920  168  704  157  320  608  642  140  867  512  783  79  509  910  194  1  2  944  876  584  872  715  520  671  998  742  346  761  598  280  113  900  509  299  867  224  820  955  776  883  335  543  958  394  82  907  667  102  300  23  226  792  651  936  876  730  95  961  863  972  139  870  141  912  621  444  235  762  231  864  594  407  46  907  587  826  208  238  730  445  467  208  397  466  600  297  854  909  942  290  
564  589  530  988  992  992  820  185  115  424  718  354  845  694  237  878  248  521  106  340  611  875  162  686  442  505  609  218  923  964  142  542  396  921  416  631  255  161  998  421  679  909  627  775  293  115  272  406  443  110  988  249  529  60  71  237  206  41  116  462  238  539  980  351  98  723  935  930  518  559  958  164  651  510  300  808  885  249  739  14  118  482  186  992  665  404  836  169  171  791  868  26  900  494  60  803  500  23  525  410  
32  46  161  787  419  902  772  692  609  414  569  723  543  235  489  526  734  839  478  623  815  454  838  850  792  689  122  165  772  106  374  419  65  170  563  364  675  786  0  293  70  36  768  527  993  997  596  983  109  321  761  529  468  467  748  473  127  104  730  744  64  519  668  120  414  175  24  533  943  140  795  327  160  800  810  376  191  170  135  942  882  150  152  941  968  617  228  812  572  415  135  27  499  426  501  902  547  97  163  680  
355  667  945  328  282  934  131  928  623  401  911  240  599  882  921  830  590  660  281  471  620  497  71  575  497  224  789  585  667  291  322  819  243  968  790  578  897  914  865  997  780  211  839  984  355  880  638  200  417  281  328  229  651  500  955  697  573  133  270  804  3  291  543  625  516  865  407  377  800  776  606  122  690  422  931  811  544  110  764  799  167  572  324  419  52  786  442  454  589  123  638  196  70  107  438  215  904  82  191  626  
75  84  616  475  28  686  615  53  218  862  639  775  331  855  801  69  51  392  135  665  644  176  448  405  457  257  837  495  644  374  978  457  432  746  568  661  624  742  48  90  982  374  554  469  184  568  523  46  717  58  421  149  830  40  752  834  231  823  662  791  268  905  637  706  673  5  277  786  377  850  169  373  552  784  826  795  948  595  879  563  598  828  889  137  295  798  811  40  629  314  487  449  53  416  659  248  90  875  666  672  
331  295  342  763  83  225  171  415  682  307  368  328  433  578  23  494  499  110  340  347  606  542  538  427  57  174  872  136  232  278  826  553  810  64  388  463  700  605  449  196  574  708  50  408  139  240  667  129  22  93  79  214  671  775  99  800  821  127  800  934  278  211  810  347  650  897  366  102  846  984  584  518  556  523  978  152  159  530  8  215  508  278  488  238  988  673  592  196  62  136  496  741  105  391  262  521  719  511  936  468  
837  830  851  521  888  611  474  412  217  612  259  930  105  326  228  327  352  144  579  268  726  517  19  898  12  788  433  584  141  189  118  36  127  515  528  674  734  512  624  63  831  153  632  328  913  592  118  380  847  816  865  82  586  552  333  120  364  135  153  770  200  608  685  507  693  802  368  859  281  911  440  110  418  247  419  716  408  968  66  850  966  116  166  444  599  320  314  925  21  372  656  349  724  675  360  781  518  281  98  786  
855  100  700  452  513  144  720  330  634  171  477  932  353  986  814  541  207  830  359  299  34  823  723  123  149  491  187  886  643  210  25  282  995  841  954  702  509  266  274  839  315  948  554  696  643  956  92  873  600  896  159  422  840  556  958  906  584  491  706  569  787  891  312  247  218  701  62  720  701  431  942  821  791  736  509  63  536  624  957  452  909  201  838  467  418  822  628  893  975  951  466  210  608  742  140  733  462  657  786  438  
667  900  528  266  171  698  314  160  485  672  389  690  585  798  441  854  892  979  931  600  95  324  174  863  694  440  465  513  332  3  228  755  243  749  420  280  953  694  174  157  78  753  664  95  498  922  835  346  803  949  109  56  276  693  834  426  562  877  611  701  376  358  119  372  146  350  405  693  630  337  484  707  406  159  426  824  610  954  24  437  411  354  830  903  203  654  691  967  255  121  573  647  398  671  791  508  875  483  473  700  
590  791  104  5  58  758  974  632  679  33  820  920  727  180  996  819  974  908  692  812  18  664  396  690  274  505  825  280  627  608  266  514  574  194  231  553  981  610  593  219  884  299  924  690  988  344  338  727  58  499  817  955  623  446  964  482  337  441  848  948  22  768  692  593  856  480  876  784  916  367  503  253  293  733  11  621  389  866  43  679  220  597  223  192  9  983  865  363  21  466  592  891  711  897  429  399  394  165  243  865  
866  480  204  506  629  138  638  366  319  934  340  647  686  529  192  153  284  974  727  929  379  944  581  922  691  213  927  854  510  348  712  534  620  955  443  838  98  559  151  424  150  216  48  515  998  264  426  56  742  905  809  80  855  112  724  325  141  970  320  148  25  761  424  876  477  666  817  646  863  655  900  472  636  76  629  392  94  288  321  953  120  474  884  21  278  93  112  176  913  530  825  188  576  897  174  198  858  707  346  637  
712  342  672  322  120  150  365  64  564  581  231  937  56  727  20  331  762  76  741  150  421  666  761  42  301  183  150  961  231  760  554  886  249  449  728  377  276  178  397  185  410  433  194  124  18  418  781  750  833  320  16  91  58  670  291  147  446  663  980  985  327  742  949  631  454  155  654  890  132  195  961  894  166  387  109  70  961  856  370  386  749  141  4  997  567  738  242  273  678  710  437  114  750  641  302  172  939  521  760  953  
581  983  109  763  874  180  605  90  458  205  912  523  516  136  293  182  797  930  555  786  248  15  284  583  801  749  666  511  404  502  809  585  507  464  581  348  660  586  252  237  912  909  323  205  280  269  191  738  603  586  146  361  946  135  782  956  580  854  205  925  197  926  830  911  297  179  932  245  743  17  296  715  8  708  191  181  119  902  63  655  594  726  811  473  943  89  205  935  954  936  115  507  130  438  618  191  844  836  391  107  
814  787  69  599  414  590  784  622  27  49  344  335  321  905  785  113  138  682  799  98  512  191  935  340  583  698  369  124  55  160  970  921  511  679  45  462  733  502  713  387  666  858  358  782  146  761  753  370  753  229  95  745  785  895  670  836  976  420  839  827  670  1  80  843  581  798  238  427  289  610  431  770  590  20  278  482  769  600  103  681  767  78  834  210  233  427  116  279  233  210  561  672  831  99  927  997  644  334  987  3  
455  941  86  711  477  67  290  941  747  980  39  467  792  930  491  375  78  377  405  417  207  176  418  686  299  164  809  363  391  259  681  290  50  226  802  452  722  587  96  931  836  551  940  123  607  724  238  612  777  83  125  798  980  393  222  450  609  543  923  857  916  32  282  204  47  614  727  190  257  978  76  802  151  966  412  540  722  921  495  463  305  278  991  379  413  913  818  216  114  624  944  739  958  257  732  132  290  797  96  570  
813  817  376  372  800  461  857  797  356  108  43  418  936  390  280  115  750  213  777  43  421  10  166  46  321  819  506  959  870  196  714  651  332  486  674  253  572  960  224  663  393  169  668  57  202  888  52  65  4  368  215  216  492  947  191  277  577  785  993  224  576  557  673  189  297  236  910  162  503  691  276  343  941  149  657  106  644  878  711  355  569  302  312  451  131  53  0  644  642  551  492  540  883  725  208  36  272  24  638  359  
204  138  91  978  140  139  179  7  553  804  485  365  970  892  249  311  911  717  981  871  808  882  975  607  723  471  501  444  13  389  360  800  16  281  431  258  410  975  936  788  222  456  945  57  76  437  437  489  947  39  810  666  127  597  302  372  910  329  482  602  892  448  871  456  510  803  941  93  891  86  515  966  887  309  448  780  849  566  336  868  108  191  354  338  363  861  478  441  165  6  68  664  785  172  831  124  339  718  329  806  
899  260  536  793  823  535  134  387  703  874  398  989  86  33  834  81  240  173  194  199  927  689  511  20  456  597  413  695  914  900  846  737  294  620  164  321  786  401  159  993  424  222  652  592  12  625  6  765  906  90  414  509  341  752  6  809  853  264  756  847  248  971  282  899  273  410  809  977  253  280  766  762  426  357  173  377  50  811  546  33  862  463  7  685  150  525  886  803  156  120  320  853  512  565  543  862  942  635  854  310  
116  401  592  810  511  83  325  675  717  347  49  257  118  872  303  987  652  718  180  470  89  881  229  752  463  895  642  0  746  378  148  76  306  854  233  597  301  981  761  99  529  804  49  865  159  890  116  405  851  589  177  230  672  744  568  810  992  517  734  475  377  699  353  70  452  108  917  792  782  502  780  100  841  908  292  757  965  816  978  237  912  783  132  192  197  793  724  696  376  387  449  125  0  83  240  81  293  255  495  157  
152  323  746  563  850  997  575  42  373  598  539  623  566  680  15  895  404  630  518  125  819  901  141  385  201  405  533  344  833  931  669  434  670  127  215  436  135  740  5  378  889  649  845  41  890  108  56  182  697  190  304  575  284  559  103  220  497  46  885  528  606  972  937  722  988  534  472  563  941  102  4  587  102  13  763  461  88  815  985  211  393  874  936  695  975  684  331  744  789  337  402  701  670  574  600  969  125  573  776  611  
311  725  198  344  361  540  530  815  939  172  654  809  414  528  809  444  49  178  133  387  903  634  538  699  429  357  909  963  399  943  20  977  426  814  944  421  564  141  677  789  256  361  829  677  317  980  232  504  382  379  944  263  684  894  233  13  16  580  790  373  997  361  94  64  17  77  502  143  892  553  552  137  298  600  992  305  523  576  599  128  161  909  337  682  633  168  249  79  418  153  949  289  859  918  260  613  1  278  75  144  
518  198  575  631  309  327  220  315  58  835  764  511  703  970  588  751  736  789  528  847  656  254  615  933  613  354  41  868  302  740  917  646  604  496  142  69  902  136  533  566  623  782  211  458  163  279  789  578  151  344  26  687  997  640  608  396  703  698  362  848  651  461  646  731  588  553  914  829  913  137  847  461  111  415  254  117  994  808  351  632  16  286  977  828  798  28  387  194  277  929  505  646  116  988  875  437  577  440  807  163  
217  532  518  791  556  146  923  947  943  153  40  227  289  218  595  1  159  692  790  379  731  492  668  290  662  444  751  199  662  414  495  668  443  38  189  869  676  530  749  577  39  14  114  121  189  576  483  147  147  853  91  291  85  294  150  871  141  858  160  758  185  449  904  316  571  51  65  108  649  59  945  723  285  411  762  100  423  397  893  926  822  387  703  870  887  315  972  946  908  619  600  124  501  301  685  23  315  591  246  833  
897  49  377  108  766  196  291  218  437  956  702  453  606  801  550  721  597  776  777  551  871  769  796  358  573  277  442  888  402  589  487  686  118  2  803  153  685  4  371  79  914  257  817  85  980  301  779  975  331  376  625  897  332  561  616  185  847  261  483  804  914  715  434  121  422  535  435  254  759  25  916  653  121  505  954  834  230  874  99  260  717  912  960  109  324  127  847  864  870  265  781  494  535  892  161  237  28  614  707  70  
431  517  435  265  160  256  366  663  528  595  802  820  479  387  635  807  517  647  991  807  918  110  867  924  38  299  489  462  227  234  905  630  554  134  908  104  938  904  119  233  517  126  764  443  301  966  181  546  835  229  370  914  186  520  954  191  490  310  69  601  569  512  760  274  188  230  938  901  867  968  979  876  714  717  837  78  363  715  602  419  945  396  797  469  688  938  29  278  8  423  187  408  593  179  780  117  920  218  386  323  
583  289  838  611  418  5  808  71  862  897  935  438  996  882  147  941  307  632  543  795  636  83  741  73  551  831  794  764  898  318  808  352  570  633  562  339  370  779  50  692  848  337  991  726  975  26  66  341  559  55  599  883  937  86  72  703  806  473  109  723  32  702  952  480  736  75  229  480  509  9  847  216  294  1  742  32  39  887  764  840  160  730  422  297  732  924  432  110  796  629  113  885  659  38  598  557  725  260  178  309  
128  732  59  463  53  701  536  159  392  558  190  652  762  325  362  274  8  17  57  562  260  453  731  951  633  370  341  101  773  511  806  295  479  80  762  437  111  648  842  313  429  836  164  220  33  677  566  250  442  937  774  295  218  191  205  324  982  398  595  426  820  457  68  874  69  160  871  62  857  502  47  176  562  555  418  157  553  757  950  581  925  168  212  161  34  799  853  545  221  557  770  2  406  917  184  409  822  146  743  727  
992  500  211  680  532  416  955  249  518  594  263  62  461  506  487  757  928  616  903  490  899  629  678  872  527  951  54  833  519  97  166  34  446  485  282  974  47  47  668  382  500  543  28  393  312  346  659  206  816  686  373  627  547  256  765  296  219  708  410  341  156  104  975  197  193  78  137  782  742  332  329  838  663  641  697  908  264  206  612  15  894  942  269  575  458  811  553  982  46  247  89  899  176  173  304  339  227  338  691  204  
285  442  22  207  92  475  627  665  97  944  829  591  958  795  107  315  219  483  39  903  892  165  502  613  735  362  859  200  922  157  468  667  153  839  710  148  925  897  149  149  584  109  227  575  876  962  993  810  131  338  131  278  81  729  950  807  78  668  189  585  665  612  593  856  438  694  951  705  903  272  691  51  920  337  122  684  628  214  453  985  326  853  793  678  858  280  651  430  297  815  570  136  923  746  661  902  31  434  387  355  
254  139  881  416  46  873  29  835  906  771  98  412  7  64  237  709  953  732  731  342  907  543  693  931  22  499  556  554  193  265  631  780  326  62  292  984  158  847  994  166  282  158  748  479  970  831  114  102  755  52  938  51  401  456  404  452  325  68  146  496  903  269  334  386  228  838  574  614  938  271  115  27  697  754  752  253  668  485  165  334  213  529  186  624  78  550  105  905  611  929  812  812  782  419  54  888  674  535  998  247  
449  551  605  245  345  700  993  771  665  128  106  527  801  161  249  994  39  173  865  981  454  421  613  137  849  71  433  402  902  300  853  719  789  2  324  192  295  367  507  92  396  771  268  598  116  520  394  604  215  849  375  484  713  460  290  955  613  589  108  852  322  297  321  465  547  484  915  672  559  423  490  357  393  73  409  152  827  737  634  579  563  293  129  355  808  458  493  344  829  217  707  114  115  354  21  250  134  504  368  882  
430  945  395  610  741  464  635  80  768  96  867  939  535  591  985  436  110  908  612  802  758  615  625  57  638  852  501  205  18  620  157  321  438  160  697  510  180  538  911  690  177  850  691  559  470  153  12  573  985  750  66  182  332  587  364  795  933  915  174  416  269  530  239  128  821  257  528  870  497  44  144  650  528  714  749  901  972  8  422  817  724  475  308  55  817  640  174  494  710  137  131  701  568  839  921  781  845  935  37  374  
569  834  740  813  515  516  46  886  742  761  962  188  243  183  828  234  44  572  268  253  716  789  464  648  378  439  457  859  811  782  371  529  335  344  733  93  868  117  449  369  799  526  222  490  322  726  984  267  231  641  337  20  986  672  817  958  620  798  993  118  564  171  926  452  776  818  744  696  841  664  914  872  516  596  92  159  253  638  771  197  919  885  451  239  678  520  979  867  573  56  62  43  506  905  922  123  767  692  865  984  
661  994  253  384  337  375  625  504  384  312  714  949  559  34  36  986  586  513  577  827  462  361  612  644  355  165  356  234  697  554  364  643  291  254  103  724  953  451  104  751  423  570  168  623  259  205  57  138  548  566  943  249  142  677  335  39  522  962  759  804  553  559  676  245  505  729  899  905  929  827  31  786  934  471  625  414  728  82  574  970  471  339  786  874  303  352  890  439  106  356  151  445  476  241  342  456  218  126  757  883  
668  997  448  564  242  860  81  743  130  517  438  493  951  716  605  961  469  101  962  456  1  904  745  690  782  714  270  193  602  825  305  837  239  635  888  345  581  164  517  414  788  978  487  873  167  526  932  516  589  458  787  710  658  385  79  559  42  816  368  173  461  295  772  788  837  211  715  717  12  923  680  334  507  117  811  634  829  805  723  164  699  577  233  677  136  820  191  248  804  805  744  815  494  595  265  964  107  143  29  85  
171  518  982  452  274  130  767  890  820  60  447  240  890  160  815  730  185  892  877  872  849  646  201  674  11  922  476  984  452  61  377  891  78  32  164  364  454  236  583  318  712  839  339  458  238  193  379  656  768  830  155  404  197  391  192  748  119  239  466  149  205  903  268  477  10  22  141  545  842  713  886  19  389  483  987  447  444  401  487  74  737  637  183  776  595  604  657  249  350  486  518  7  489  698  250  94  793  603  605  736  
915  875  537  540  15  643  915  466  544  756  295  502  375  133  365  343  168  889  320  787  132  524  540  505  477  202  679  370  336  852  584  764  109  136  140  261  578  579  440  848  813  454  433  791  552  587  151  182  783  346  96  960  397  228  17  480  156  83  814  229  44  988  755  763  10  842  635  994  722  520  397  813  448  363  711  514  799  970  691  617  988  539  678  170  261  43  671  951  379  265  309  19  775  295  289  878  457  710  202  663  
507  557  327  245  900  63  439  649  128  750  92  395  613  447  990  799  616  148  276  68  830  703  150  633  271  642  62  732  244  816  20  1  865  959  528  419  174  285  323  234  759  900  606  705  931  820  932  722  386  195  468  673  624  899  278  426  526  440  86  607  111  348  342  578  464  849  630  931  833  723  679  239  600  847  726  822  317  916  884  175  735  677  465  338  717  911  432  465  762  389  542  148  383  918  292  616  84  824  29  115  
730  939  305  598  455  940  423  895  172  244  441  970  251  493  393  148  58  873  730  244  45  830  105  791  8  114  754  590  753  471  135  413  516  115  635  754  688  966  893  784  631  505  80  240  491  448  855  3  435  819  286  478  29  415  323  587  197  187  748  912  932  938  442  358  508  781  458  583  207  962  333  725  312  5  589  404  665  17  464  379  235  794  345  188  468  738  305  877  691  223  245  298  919  998  617  689  573  446  154  562  
256  3  977  177  307  341  836  905  114  84  974  255  87  627  567  936  856  406  806  352  749  385  770  264  903  750  136  19  852  98  247  469  527  709  119  441  637  125  896  821  794  78  559  852  410  848  171  576  4  236  798  913  824  292  495  71  528  750  764  920  781  469  132  694  433  253  851  568  353  473  518  587  494  962  614  125  665  174  539  390  627  314  269  212  663  293  951  625  919  795  272  627  427  251  174  664  992  318  671  803  
580  44  818  304  896  261  184  831  639  960  961  448  235  884  616  452  799  104  520  300  110  297  544  169  538  944  161  119  289  269  417  742  370  916  328  806  949  714  568  998  9  796  18  241  607  28  506  175  299  642  956  59  883  723  384  278  607  712  945  791  80  213  868  780  510  652  444  554  378  317  362  910  954  13  529  350  43  497  96  478  72  629  104  682  816  109  597  373  126  830  34  348  490  330  29  155  21  727  577  753  
569  107  162  202  31  870  244  337  498  12  660  752  433  990  408  62  634  43  826  459  82  944  719  395  985  449  270  580  898  930  708  934  648  272  925  119  283  477  861  616  434  195  876  79  59  424  439  649  182  538  723  260  295  928  805  718  202  773  205  62  841  282  585  365  49  246  414  288  499  972  33  301  846  746  979  560  17  417  43  513  982  390  469  675  771  676  632  147  514  731  830  3  696  169  916  978  170  547  473  250  
43  801  996  926  178  995  110  198  832  20  30  64  320  706  211  605  759  190  532  989  811  990  339  207  888  764  137  66  853  403  739  449  438  950  881  662  362  189  887  406  980  532  661  468  535  922  377  205  490  139  44  672  19  634  810  816  975  839  595  959  672  545  950  496  48  224  718  825  570  849  284  540  600  551  859  592  206  650  443  865  901  591  214  800  652  228  718  664  17  974  959  663  398  153  633  28  326  75  997  707  
910  805  208  827  456  151  862  993  259  463  278  906  47  926  236  338  348  447  212  228  890  573  617  876  730  888  965  649  876  339  99  41  890  541  904  792  873  313  120  569  232  933  645  663  441  564  946  336  13  416  870  47  356  48  836  620  514  441  912  706  493  772  763  438  362  796  655  479  231  370  470  773  435  199  468  330  194  701  310  256  429  274  274  678  670  274  102  899  505  288  300  861  189  377  179  941  938  958  897  3  
773  580  908  82  783  369  480  192  28  100  42  365  582  842  708  237  170  625  377  427  218  370  512  891  378  648  117  540  294  296  690  313  272  660  38  427  632  223  108  517  83  175  532  843  694  938  726  599  820  863  602  473  147  859  61  723  37  300  334  270  778  925  359  981  427  918  71  428  17  215  508  932  612  249  709  670  680  449  694  65  393  858  301  690  55  261  201  23  748  160  74  576  779  433  83  146  755  285  852  993  
352  714  188  530  451  757  756  346  655  264  407  622  645  268  829  593  418  503  655  795  3  905  669  724  283  833  842  845  339  183  729  70  400  910  665  226  35  96  52  620  881  45  517  564  379  50  328  737  224  858  667  197  493  4  874  72  199  56  945  545  832  463  210  712  373  654  822  425  248  998  480  582  393  620  101  869  559  640  424  136  157  756  762  511  919  99  318  678  515  355  331  956  21  128  354  458  475  495  895  475  
463  204  813  478  19  16  82  773  310  786  642  130  621  969  943  237  365  659  501  884  924  965  868  744  775  600  6  695  566  532  273  19  652  364  855  583  603  909  280  977  204  820  745  905  427  595  198  636  305  768  315  477  44  603  536  937  185  753  115  621  922  585  103  127  154  243  257  389  388  112  300  165  660  98  251  843  917  384  19  848  242  662  595  821  888  407  380  532  864  40  482  175  115  595  773  920  814  500  209  916  
20  940  408  573  115  191  874  138  926  916  707  301  498  633  715  337  797  664  867  725  848  442  370  762  341  502  959  509  67  13  793  273  814  694  666  628  892  121  387  844  595  754  449  214  997  620  389  475  149  192  609  704  708  665  525  352  812  668  730  176  750  889  942  102  534  296  862  471  420  99  522  428  838  54  537  224  264  301  638  513  958  939  490  176  104  546  601  671  948  475  329  646  858  611  212  577  440  881  174  66  
38  792  226  158  140  381  488  567  695  903  905  670  586  709  211  586  65  920  759  225  449  231  312  130  324  937  814  461  840  531  760  320  39  397  265  358  769  443  929  974  109  533  276  974  239  91  775  585  299  289  726  548  183  659  307  97  207  917  362  998  970  82  8  910  522  511  225  729  553  514  224  74  167  644  665  173  39  817  562  787  881  600  913  99  587  763  943  303  792  157  314  352  26  562  768  223  204  584  223  945  
192  712  457  374  416  825  349  151  712  673  233  769  976  528  451  786  119  452  823  767  42  235  747  816  525  616  94  488  672  829  310  84  779  729  377  824  852  854  412  912  429  441  863  666  987  231  785  462  176  1  951  662  778  380  232  792  405  992  637  669  75  522  172  749  92  119  235  177  224  552  641  85  441  845  80  760  334  535  927  425  58  927  388  920  748  660  263  382  167  420  161  713  609  291  691  544  568  577  475  480  
88  187  289  217  418  176  857  608  663  198  737  497  450  696  945  680  587  703  154  685  919  323  239  922  493  859  48  841  284  472  542  407  199  27  633  592  899  470  116  765  839  526  402  465  10  443  282  347  451  249  254  280  529  142  466  33  987  128  927  653  610  962  423  315  826  691  42  614  767  468  351  908  461  844  183  141  15  866  284  133  353  397  447  502  154  155  990  717  768  709  828  38  943  787  554  855  285  465  211  343  
772  773  646  985  963  972  468  977  462  249  185  617  817  745  848  696  516  965  431  832  712  389  562  562  752  558  387  816  98  0  831  431  5  446  115  928  941  66  261  529  625  260  927  684  886  511  335  635  916  881  946  703  262  109  966  452  695  983  39  194  736  219  833  859  558  498  588  692  968  10  294  1  86  808  426  530  453  389  190  748  399  699  850  261  799  866  260  344  10  355  713  657  209  839  790  477  771  765  628  153  
671  112  794  822  95  89  140  454  233  309  66  662  719  53  515  383  998  774  400  138  19  13  613  648  713  217  2  355  488  740  632  333  719  167  878  947  578  338  491  669  878  117  766  573  753  957  994  577  320  174  133  383  968  849  223  124  77  867  320  520  257  74  154  530  844  125  838  772  601  479  106  130  162  807  752  813  594  255  914  494  712  670  809  825  811  844  668  280  841  74  253  264  890  340  352  380  49  4  518  845  
650  956  510  795  462  488  2  298  28  77  639  627  739  378  238  86  202  178  255  209  552  2  638  440  23  981  262  937  690  826  65  482  16  502  161  714  385  628  65  472  581  294  813  180  404  406  792  848  616  653  45  603  158  359  869  314  516  538  6  555  388  609  940  871  582  345  473  275  861  415  761  596  951  235  409  124  976  190  373  285  672  827  544  329  632  269  478  532  21  341  14  455  275  694  595  745  786  928  234  99  
30  364  957  417  240  546  974  136  394  469  959  536  64  40  838  520  266  176  31  817  150  781  177  256  610  469  946  595  151  719  598  486  777  913  171  426  275  127  216  660  327  657  572  774  859  431  434  716  199  771  770  836  179  459  835  315  494  306  93  272  393  419  603  56  633  257  477  781  555  29  604  611  514  604  926  25  525  636  601  872  156  604  660  868  872  613  873  555  834  145  607  966  299  423  780  588  931  711  600  174  
710  264  484  394  352  355  201  287  977  524  478  481  820  357  513  266  897  791  62  286  283  750  477  969  51  407  462  223  731  489  960  887  567  213  982  373  933  819  987  282  181  906  565  907  68  460  692  923  899  660  870  214  796  557  435  579  484  264  371  692  644  473  600  453  497  831  118  951  212  142  446  864  700  51  930  129  951  715  739  756  216  320  630  855  794  193  253  577  106  117  905  968  138  580  429  29  858  274  886  645  
169  881  831  580  42  874  722  592  314  263  496  767  557  336  873  735  776  888  814  648  689  747  163  703  978  470  819  538  165  155  788  931  82  520  530  955  491  651  175  36  272  564  752  978  78  143  211  679  835  12  636  779  93  613  262  565  552  267  206  424  310  733  740  84  504  615  91  751  547  747  576  264  790  766  327  856  360  305  384  558  494  699  697  742  834  823  341  829  95  151  362  227  921  333  544  981  777  570  965  597  
150  693  582  897  303  577  968  854  29  963  21  758  166  295  1  717  716  702  908  515  820  14  834  471  58  878  862  649  705  108  934  538  512  230  695  115  736  449  160  278  803  369  749  756  863  653  690  884  263  246  935  133  978  228  467  504  588  581  865  485  531  491  8  409  677  273  326  33  325  746  36  493  4  261  780  596  708  441  358  623  31  401  531  557  958  69  569  283  125  933  797  109  316  185  87  622  97  858  935  720  
481  575  85  104  613  445  86  585  57  455  99  515  736  957  363  224  963  12  568  235  528  442  687  757  791  60  729  589  288  590  903  899  816  422  738  298  443  853  400  904  123  139  155  411  598  422  363  865  894  799  76  420  913  249  90  328  265  550  200  850  686  248  873  592  503  513  845  287  728  288  917  652  150  105  482  11  333  159  240  741  882  144  32  586  989  853  98  251  877  644  649  434  104  365  481  680  794  917  404  611  
666  882  713  586  149  788  926  231  250  460  564  528  364  276  793  593  246  651  28  945  976  379  448  31  624  200  499  290  876  263  817  834  660  584  217  406  540  10  57  171  975  282  853  53  471  639  283  309  665  821  778  640  662  77  929  55  395  333  940  272  242  73  224  345  105  725  40  972  945  5  632  187  657  452  95  577  832  494  106  819  90  210  354  545  746  527  71  397  621  121  183  503  391  600  727  66  295  902  922  831  
229  659  599  972  204  767  508  680  339  499  185  637  413  132  872  443  936  308  584  181  43  247  400  994  104  216  488  811  857  934  92  324  710  630  130  664  869  38  162  637  211  250  829  705  78  711  782  864  29  762  46  571  23  660  188  871  528  837  104  191  554  617  808  294  16  315  260  877  182  29  356  165  548  281  690  386  41  143  10  685  325  756  742  404  310  139  789  751  652  667  483  578  88  372  956  786  751  238  90  30  
516  401  919  484  603  123  20  484  403  841  879  21  755  93  203  98  981  952  49  945  55  733  173  920  902  626  764  180  301  515  0  951  940  653  382  269  116  836  879  676  198  561  194  589  883  19  739  987  478  848  84  919  358  577  849  13  120  96  994  183  673  678  482  677  176  853  197  813  850  359  174  660  159  946  109  257  26  120  728  402  599  431  737  654  524  137  365  518  826  857  548  208  109  587  876  810  846  126  0  72  
10  402  598  914  635  816  102  116  372  514  607  403  34  815  515  441  918  147  899  78  599  201  125  435  629  870  73  900  936  92  860  977  447  375  211  976  772  631  193  99  204  243  803  322  285  838  497  565  400  17  911  1  637  749  594  188  358  267  590  909  148  378  867  581  581  811  273  284  624  420  800  298  791  608  530  667  946  728  876  374  469  344  311  986  407  584  365  182  227  461  791  819  692  420  476  927  562  178  907  537  
809  107  969  813  248  893  174  659  15  624  730  232  321  980  421  304  17  647  588  973  417  450  424  561  854  166  712  125  687  120  718  612  341  359  815  23  124  486  324  941  270  138  958  214  81  1  814  476  119  261  291  967  412  340  940  731  597  773  549  129  539  689  998  951  526  908  287  92  622  455  376  940  565  131  772  388  761  131  238  363  637  102  396  582  199  632  848  454  748  853  910  23  888  633  831  968  162  615  723  658  
995  403  606  38  599  342  33  24  692  6  409  402  623  359  933  798  495  578  200  204  769  417  959  380  34  340  437  569  619  651  393  747  646  728  473  566  599  999  944  660  166  358  955  348  289  739  817  325  943  431  280  843  151  669  493  804  150  6  763  120  223  908  757  419  700  25  446  617  491  115  5  180  533  870  927  717  464  911  884  509  803  121  260  902  866  846  962  443  935  162  670  864  592  751  241  456  393  81  57  33  
318  406  157  398  34  124  594  25  278  86  739  506  321  308  223  193  461  607  900  516  578  558  306  613  780  231  155  707  928  965  126  860  100  771  882  972  588  450  24  948  632  909  961  26  354  142  638  208  430  660  919  740  139  324  131  492  926  945  406  91  805  274  865  84  537  878  26  802  228  526  540  114  426  263  666  679  565  162  901  895  688  162  166  950  533  682  780  223  762  408  654  354  909  194  205  375  777  363  697  574  
441  282  620  56  32  736  187  317  507  972  200  227  935  884  765  919  884  282  227  788  267  425  624  781  420  898  951  408  751  895  825  530  340  907  306  73  887  933  399  161  283  519  522  790  167  103  192  835  533  441  186  142  543  214  311  728  485  398  507  60  873  630  744  530  260  293  67  33  505  753  226  135  575  273  745  230  844  70  155  566  412  603  62  360  889  942  831  222  420  322  781  725  282  106  305  508  371  148  635  436  
731  632  680  123  467  764  327  950  322  741  355  939  316  508  786  441  917  58  517  620  967  266  960  336  174  722  145  442  173  852  413  878  410  679  542  840  300  437  161  778  589  497  579  47  714  832  308  762  999  529  819  918  367  953  225  546  385  991  771  848  615  753  982  667  584  433  815  979  837  400  194  431  153  118  664  85  41  179  622  728  211  332  296  767  971  29  812  30  463  855  91  971  724  895  282  840  827  875  119  968  
587  945  672  399  106  694  212  698  774  192  341  256  613  257  509  500  836  8  181  552  53  198  245  895  577  257  613  31  333  40  378  298  970  452  109  232  172  151  237  674  396  837  917  845  617  155  495  504  921  512  240  76  597  278  45  768  778  373  187  750  316  549  277  470  509  933  222  532  987  461  910  88  848  332  345  906  451  191  427  960  971  303  744  766  708  382  256  73  978  493  495  208  642  149  11  615  112  256  182  521  
67  355  236  985  517  851  526  45  895  256  965  576  1  610  738  35  78  855  409  591  446  391  471  145  941  44  272  866  209  433  307  34  896  325  890  489  712  92  864  634  633  379  159  740  357  902  298  701  183  479  829  590  785  877  517  805  135  959  65  923  545  627  55  67  167  400  164  467  268  804  59  819  469  947  807  911  483  405  668  570  771  690  895  409  463  772  685  129  206  745  753  310  438  4  127  241  786  631  894  204  
638  183  491  421  399  572  944  134  280  268  515  877  479  611  442  573  510  552  669  687  85  247  108  718  276  942  95  398  222  415  733  160  690  569  259  485  659  771  142  548  799  166  356  378  245  942  421  701  999  837  583  965  607  76  367  560  526  855  835  352  840  523  755  330  355  78  945  846  277  395  950  206  485  201  619  677  26  175  905  598  305  39  32  310  770  516  100  495  57  369  918  298  50  375  175  919  749  122  543  708  
306  361  835  296  454  704  820  955  603  92  204  380  261  442  148  470  633  932  745  168  848  353  974  24  921  264  274  795  845  865  769  107  684  240  809  21  21  166  267  694  570  398  785  595  82  609  727  41  288  599  482  327  72  123  61  142  842  169  746  257  671  974  965  455  768  852  428  187  215  785  747  348  61  355  941  918  314  818  468  20  250  210  993  39  917  619  903  520  991  934  714  294  246  607  701  437  915  610  657  787  
647  939  281  816  606  78  458  249  545  463  185  801  141  872  412  349  425  933  82  978  278  572  806  150  455  278  878  335  135  621  51  252  497  714  97  990  307  884  958  738  268  846  0  934  84  5  142  85  379  804  952  537  673  687  507  972  709  729  596  307  865  490  86  504  26  872  951  338  734  368  364  91  78  929  869  22  579  326  36  346  597  710  358  280  14  730  500  293  437  378  667  492  990  580  471  156  494  170  447  736  
493  118  689  929  332  125  502  141  614  374  520  201  227  270  776  123  551  265  517  365  826  902  158  958  904  567  825  635  608  716  52  989  922  459  176  71  250  110  77  999  841  426  304  414  810  247  306  198  322  712  362  439  929  33  43  653  501  624  880  442  621  370  523  764  827  995  237  106  67  960  887  496  640  709  624  565  678  686  335  29  914  676  680  608  373  551  692  430  415  370  160  285  825  952  968  400  739  16  340  62  
579  263  776  141  543  947  658  129  18  360  109  844  346  121  418  179  603  556  198  315  604  514  126  399  174  25  726  487  685  824  618  542  255  15  628  976  306  913  660  374  850  631  22  512  464  594  332  613  854  860  468  322  198  371  37  341  315  195  131  716  439  799  610  375  515  676  582  791  989  602  729  978  388  760  358  372  623  763  723  402  11  858  276  206  323  849  913  427  250  33  433  44  380  792  320  317  746  770  428  357  
628  363  709  567  825  327  515  747  2  313  26  102  717  212  248  299  782  593  767  180  895  758  669  593  727  975  168  27  81  52  832  542  323  815  493  57  111  320  663  779  863  191  581  956  497  653  701  293  538  367  617  429  687  607  43  865  854  545  959  510  499  0  103  398  807  202  628  197  498  303  791  216  961  105  496  841  187  728  414  264  349  949  133  577  310  713  78  870  556  753  688  490  269  32  324  994  186  409  446  679  
773  175  407  764  540  852  912  576  78  138  417  833  962  441  15  654  351  94  108  94  109  220  311  586  490  409  485  292  873  480  440  923  461  310  395  292  500  115  488  671  134  359  432  858  229  263  394  294  966  35  287  212  821  37  817  371  623  103  924  890  872  673  397  836  278  167  591  53  957  395  996  79  992  268  504  441  137  914  513  909  952  924  963  749  240  560  201  761  287  991  126  967  420  322  713  911  34  157  974  402  
627  295  897  455  552  419  45  345  348  134  611  569  865  253  206  491  394  122  931  695  47  130  774  407  871  463  592  688  800  709  413  135  602  699  961  705  57  609  187  78  353  120  353  635  564  657  571  435  631  358  948  154  891  719  618  414  238  787  775  442  618  156  80  784  62  956  826  634  600  793  317  989  844  491  609  362  622  654  973  898  771  529  278  166  918  905  428  648  550  90  857  610  428  116  826  361  43  6  56  597  
632  249  272  536  353  427  774  536  802  119  321  803  466  214  191  390  372  796  233  578  169  321  730  939  899  130  825  526  885  699  965  703  86  244  360  117  692  925  948  786  405  111  323  26  448  873  667  455  122  92  237  926  165  659  486  691  347  882  111  204  512  825  719  564  909  965  689  302  777  853  744  884  978  148  166  787  745  743  460  165  540  276  716  338  748  789  922  267  735  632  209  158  984  380  946  239  506  258  30  561  
844  421  757  873  542  816  600  986  449  875  432  107  829  657  601  673  428  722  153  10  355  647  195  536  513  839  512  85  0  653  341  521  49  180  431  974  700  376  843  828  380  106  114  134  457  968  41  631  103  646  647  66  180  773  952  502  63  214  359  906  644  764  704  66  276  163  419  422  985  928  364  611  303  759  895  945  573  699  240  249  931  142  497  368  414  605  405  356  343  630  122  601  49  489  636  385  345  584  627  846  
904  396  62  293  628  94  145  545  637  351  90  73  371  549  738  631  844  730  999  38  971  626  645  303  732  753  332  792  412  494  637  706  278  136  631  917  264  676  910  98  740  880  267  677  946  927  630  629  155  874  263  953  576  871  525  584  905  424  54  565  305  634  693  30  575  712  137  871  64  540  242  656  679  594  878  383  302  57  394  75  446  991  468  695  587  768  469  95  987  578  452  843  293  495  301  29  366  536  841  311  
118  339  447  638  473  249  576  277  970  623  664  32  546  790  408  102  598  361  57  465  886  411  499  782  66  794  635  731  655  140  827  818  191  876  171  241  287  649  757  594  26  956  998  678  994  331  337  33  622  247  541  90  479  806  711  354  117  174  314  14  975  255  626  994  408  620  313  132  740  798  801  283  105  204  448  306  819  514  273  644  672  909  694  125  802  593  803  467  962  895  455  352  242  823  492  229  131  661  557  132  
733  795  823  2  717  947  72  927  520  943  916  395  982  879  527  839  906  230  701  846  294  106  396  46  843  862  67  638  286  302  204  293  957  46  580  236  673  54  804  506  14  734  128  379  54  82  468  644  484  243  143  341  331  170  991  851  671  217  524  761  923  24  849  202  457  505  236  494  889  689  615  343  729  587  359  143  442  482  930  191  987  194  70  782  455  212  980  212  793  869  875  202  752  857  368  873  341  185  579  139  
121  39  502  305  844  153  230  650  720  266  460  317  572  481  421  68  332  195  629  493  886  876  859  317  279  717  566  779  300  866  453  31  533  12  179  45  907  838  665  162  130  446  230  826  650  242  362  99  31  923  240  385  321  963  713  199  734  431  661  431  2  841  285  670  921  948  372  359  891  20  452  66  414  642  332  937  394  34  511  951  629  689  784  741  295  310  49  59  655  619  92  863  220  976  480  444  641  892  93  698  
456  769  954  926  735  171  299  167  367  565  417  236  448  673  818  693  499  985  727  740  504  678  500  944  366  276  610  918  785  696  344  11  117  383  897  75  960  373  318  575  702  135  164  359  390  101  840  12  778  655  191  560  292  27  155  845  467  480  175  94  765  979  59  902  270  723  3  939  863  3  249  151  50  715  388  547  466  699  616  367  791  278  980  866  526  279  91  915  552  386  402  610  145  345  89  542  824  609  949  44  
319  753  465  96  136  807  372  652  143  823  238  506  551  896  524  647  700  93  683  422  416  797  673  845  417  847  150  368  687  765  690  505  315  188  193  17  675  694  905  854  955  604  164  984  429  659  401  9  161  713  396  401  263  788  278  779  249  128  935  48  342  947  175  958  425  511  445  412  896  531  807  133  489  246  400  190  462  113  183  670  937  64  164  81  915  477  565  601  509  760  231  841  154  39  361  759  324  694  97  198  
947  428  274  221  364  330  125  248  406  423  100  720  168  837  702  946  293  226  660  873  114  540  690  512  166  685  146  488  832  198  386  762  271  411  5  395  298  915  407  697  624  938  626  869  209  12  382  431  540  360  157  696  114  639  181  281  351  928  502  614  353  642  427  230  392  333  869  505  966  301  835  758  672  548  550  144  402  778  409  77  642  188  678  779  442  294  619  215  464  886  155  811  371  663  800  259  76  662  279  149  
196  293  524  779  180  810  612  534  974  307  898  680  283  8  113  261  246  644  440  423  870  353  523  205  810  944  934  224  316  674  44  890  903  470  342  155  309  280  320  273  145  801  613  827  788  489  490  226  51  942  848  573  101  207  923  95  858  913  536  287  174  309  835  100  821  501  510  491  225  425  341  830  775  347  902  675  816  27  887  190  339  431  112  84  328  458  199  717  23  615  306  549  550  595  166  559  857  333  470  878  
196  51  72  242  156  674  530  51  692  417  306  574  964  539  227  129  499  31  442  195  989  358  992  813  335  440  403  192  303  907  733  770  641  409  21  88  404  676  636  561  356  385  904  684  496  799  629  247  515  970  146  414  128  832  191  180  398  64  940  521  971  506  684  672  61  950  888  764  643  653  608  15  891  790  477  742  773  854  738  755  363  295  201  376  276  603  786  22  870  782  229  712  585  982  432  31  483  232  237  506  
30  487  659  401  565  859  757  935  605  476  31  489  225  418  980  119  517  123  725  910  156  264  564  640  341  212  566  929  272  809  383  654  87  321  960  644  967  510  451  530  742  206  999  341  254  503  855  422  7  819  196  153  779  784  587  717  427  775  178  35  103  174  171  965  419  500  851  252  133  225  612  894  10  296  102  594  96  314  909  537  198  655  380  115  472  419  399  43  119  627  974  368  413  147  501  625  734  862  408  589  
882  617  636  260  399  92  145  701  131  430  980  476  63  60  8  903  103  365  484  606  613  237  248  254  958  252  265  504  596  811  748  610  499  474  591  193  95  801  587  801  450  657  238  908  180  789  204  139  914  419  782  627  769  9  579  798  901  789  514  453  250  670  450  296  859  616  881  730  872  960  448  35  162  557  864  851  994  751  21  88  944  823  808  373  16  577  155  559  550  114  262  308  650  131  774  66  958  591  941  682  
485  191  389  599  366  479  557  447  949  653  958  941  635  461  567  991  108  100  605  379  734  687  639  185  33  31  477  893  594  939  512  685  249  602  84  889  35  652  83  875  74  835  883  628  407  403  807  703  682  3  20  471  825  144  41  65  748  813  402  229  977  536  942  815  154  163  315  148  692  174  244  179  627  462  881  657  817  804  476  769  382  732  492  206  642  896  154  838  749  377  745  446  319  914  235  836  387  457  870  205  
998  26  525  819  550  545  314  329  333  36  706  55  485  307  209  317  821  829  436  126  530  968  502  795  649  196  258  720  752  381  103  543  244  324  826  847  29  977  892  368  222  822  164  30  321  874  752  48  895  689  549  428  709  389  590  713  482  588  456  208  149  829  908  927  643  647  734  739  110  561  467  994  57  784  767  523  271  136  132  658  300  985  591  580  947  965  148  403  247  900  17  470  590  733  40  769  694  801  190  332  
587  941  889  538  105  452  983  793  260  942  625  48  39  706  222  490  633  123  572  470  691  689  305  688  390  15  856  528  418  165  871  173  18  362  380  429  731  47  976  556  338  290  108  918  277  654  360  698  482  428  970  830  211  192  988  913  787  682  814  729  891  70  890  978  293  11  823  903  642  669  285  600  255  24  592  400  233  74  343  697  265  586  403  558  811  811  77  197  24  695  632  432  940  954  62  95  810  269  759  379  
259  842  627  889  165  283  41  985  64  906  384  538  508  148  842  371  166  463  129  473  33  348  202  488  681  107  822  888  499  187  118  382  857  346  655  555  330  71  259  517  397  609  79  88  549  635  324  265  488  248  836  119  474  237  566  366  680  503  653  849  86  801  898  659  89  529  242  83  656  456  3  74  37  157  16  41  282  966  411  508  735  610  298  509  311  93  906  70  242  992  704  23  574  44  575  256  94  667  387  27  
525  948  756  130  435  297  334  864  14  542  205  551  372  64  926  829  213  560  985  259  397  747  379  877  903  359  455  671  213  508  980  41  403  260  194  745  444  744  974  338  541  857  309  406  381  248  974  533  782  306  959  114  189  188  881  782  228  103  72  492  658  103  250  208  560  446  90  389  908  368  100  553  290  954  456  71  814  348  804  712  855  673  833  879  61  279  32  520  683  759  733  300  247  586  617  260  103  357  942  592  
350  579  692  907  955  342  217  228  754  322  788  155  36  878  442  965  26  16  682  871  463  235  131  395  755  63  29  642  115  806  660  430  318  958  721  274  915  936  540  353  614  860  780  272  705  951  734  89  103  42  220  285  620  976  276  909  312  740  898  340  586  668  840  540  81  438  793  700  558  989  429  340  997  312  78  765  803  215  410  855  785  459  745  943  254  801  846  869  427  931  923  904  967  907  149  958  723  957  70  620  
208  808  465  815  492  56  216  508  436  851  433  722  755  941  855  354  281  563  445  168  767  305  629  593  174  544  382  256  127  736  21  543  725  701  858  150  678  369  235  659  25  774  735  295  650  462  800  169  729  289  683  425  848  890  860  67  387  375  906  981  193  539  985  911  825  713  423  54  768  911  142  909  807  773  440  9  889  488  737  192  778  272  70  757  83  378  859  730  473  154  354  266  167  161  432  369  72  399  129  851  
814  886  436  846  40  18  505  958  605  560  166  883  328  218  177  384  548  957  664  498  862  831  612  923  490  896  572  138  998  580  398  993  547  826  336  59  409  540  245  224  826  347  811  774  199  886  560  493  350  959  205  111  205  426  459  355  256  811  610  157  319  131  345  371  675  214  223  46  535  68  448  187  163  947  171  733  859  69  256  57  774  107  303  742  970  830  547  479  405  245  870  750  207  160  742  750  275  272  117  693  
28  89  430  44  404  509  35  309  896  430  380  792  263  991  498  90  233  199  585  994  165  292  683  577  954  576  66  646  343  466  598  675  606  76  156  647  18  92  311  809  426  194  64  717  590  893  233  311  862  746  368  257  370  618  975  826  412  926  960  846  218  114  541  188  151  475  117  616  505  902  59  461  205  767  385  270  566  35  530  545  565  402  148  320  843  796  900  214  921  687  196  803  336  242  887  964  77  865  573  714  
900  470  546  957  13  976  217  660  828  395  7  628  370  716  258  515  106  510  479  575  734  878  642  72  966  191  616  847  98  683  553  442  648  152  562  133  95  338  14  86  516  18  636  348  801  675  884  149  587  28  284  691  573  15  783  795  344  718  308  826  492  20  508  299  160  815  45  737  645  32  988  942  193  364  255  942  375  59  528  859  867  794  822  389  211  207  838  349  201  409  838  103  174  569  82  970  449  8  568  870  
116  583  213  720  439  845  915  20  14  721  74  960  277  44  682  305  68  121  491  813  918  845  956  92  611  757  240  67  94  616  246  566  328  970  143  378  443  1  771  204  971  152  244  217  974  838  908  571  125  394  219  181  82  549  528  36  857  84  152  906  636  233  149  463  638  501  797  438  673  916  276  833  74  165  860  850  122  708  248  384  208  485  520  506  842  911  247  611  819  835  800  730  358  144  79  548  208  229  12  48  
732  514  258  863  720  619  997  367  660  241  578  866  411  343  160  391  369  486  428  749  133  45  220  79  329  257  561  233  452  661  847  238  408  262  248  475  951  614  836  987  664  59  605  95  8  386  199  753  300  973  733  550  499  199  222  495  408  640  551  682  868  74  682  122  202  886  995  695  284  323  707  426  348  892  694  602  564  245  144  644  103  466  276  363  560  236  524  476  288  185  940  404  646  471  249  904  46  948  40  737  
564  45  648  738  409  593  561  631  300  697  486  820  661  127  366  783  378  472  529  427  204  648  550  337  68  792  57  237  503  798  8  939  913  793  279  157  917  62  554  98  234  245  8  60  842  850  575  213  724  296  170  39  257  928  151  615  332  66  860  669  866  622  978  355  664  802  58  600  300  696  100  487  244  122  983  897  579  581  139  307  210  71  865  829  715  79  444  873  872  216  417  100  970  921  961  660  550  684  463  630  
401  697  741  747  245  182  177  910  875  277  693  77  832  762  780  465  797  143  952  123  342  759  985  789  964  443  752  819  53  44  721  556  169  614  567  177  696  980  665  784  847  342  930  53  50  876  311  78  443  134  817  233  504  506  410  445  851  424  852  186  731  381  397  814  535  90  359  428  67  81  35  819  875  876  54  488  636  666  348  833  154  782  729  376  132  453  7  792  284  812  561  86  690  924  717  127  744  251  832  330  
193  864  716  962  82  467  805  235  818  110  537  126  518  132  893  562  61  85  732  753  370  331  978  460  688  988  695  900  872  836  768  822  669  606  31  58  689  198  466  441  264  751  769  984  458  204  537  909  655  861  342  469  842  824  589  167  144  913  807  145  626  968  305  885  253  598  384  391  395  979  554  334  642  246  448  212  635  906  96  452  429  306  591  335  536  905  508  11  957  344  55  473  210  437  232  409  756  244  228  796  
525  13  489  230  557  305  811  566  932  906  304  227  733  447  541  652  583  121  388  772  709  804  893  793  357  309  329  120  430  421  397  406  554  479  707  869  3  764  605  841  730  864  651  142  234  504  324  280  563  187  616  367  307  602  228  717  830  837  943  140  550  828  233  217  455  358  532  679  721  554  530  586  800  512  646  633  816  522  831  31  17  868  62  958  202  509  696  856  634  865  903  203  842  717  532  752  127  703  895  609  
195  119  447  373  339  501  556  1  283  896  570  716  269  848  944  847  280  714  502  999  157  342  86  968  509  781  872  72  535  220  745  110  662  608  415  693  974  213  595  936  823  311  681  748  314  436  531  956  496  180  393  469  962  942  373  816  699  488  963  301  874  602  854  817  356  680  838  119  798  346  829  380  928  106  120  226  316  906  499  563  542  183  741  960  166  77  331  805  520  689  640  202  77  701  650  89  938  627  920  790  
598  402  647  752  370  166  764  99  112  143  652  103  726  296  463  953  516  425  914  516  952  436  12  444  715  617  393  639  989  574  170  760  187  591  245  88  393  829  920  291  434  102  585  685  300  26  97  567  57  853  840  410  903  253  962  799  1  522  206  928  679  117  87  254  801  878  315  88  849  566  465  605  85  277  487  31  171  553  562  92  384  445  47  194  105  25  558  214  891  99  382  169  277  506  379  319  539  507  52  717  
958  298  737  470  838  95  290  259  121  994  579  85  654  276  172  880  674  340  4  750  932  74  909  852  124  91  714  669  765  602  885  769  68  808  6  178  576  503  662  771  529  129  730  734  366  63  354  256  286  393  16  330  864  2  198  663  734  20  817  757  716  367  242  586  167  361  43  429  920  955  887  653  479  824  825  602  605  491  166  822  778  812  519  840  964  94  631  21  489  256  635  163  308  542  911  195  267  715  677  722  
689  109  808  236  911  685  847  302  222  298  765  607  824  873  284  201  196  419  186  842  984  83  852  658  800  922  88  840  780  529  751  645  200  643  438  797  854  876  613  117  494  233  624  797  173  749  484  804  347  134  652  282  910  50  529  79  420  81  200  589  822  24  245  476  401  943  389  738  406  872  721  516  648  748  94  958  661  444  834  499  30  217  625  162  585  696  621  813  438  149  588  31  806  531  27  505  191  278  728  608  
44  149  454  951  865  631  122  189  893  465  58  707  720  465  676  964  19  242  612  377  783  804  960  696  846  807  6  88  526  76  437  532  492  800  960  730  869  142  263  686  647  424  184  279  846  986  667  406  698  243  339  31  702  960  535  630  35  775  505  535  115  677  454  305  394  916  516  64  623  85  810  709  600  486  160  285  323  80  928  747  361  263  332  890  372  430  79  332  362  679  560  840  250  677  680  739  74  14  941  821  
915  87  199  319  69  38  119  494  956  494  832  319  732  515  229  783  968  123  730  85  493  132  215  375  62  615  159  654  985  745  455  527  526  354  945  742  176  452  144  385  356  10  398  38  902  162  882  842  795  369  797  424  322  809  203  482  379  793  862  246  185  257  446  768  452  89  990  808  934  293  688  416  192  287  416  781  717  297  125  303  652  36  572  270  203  987  679  195  414  837  363  160  383  419  863  21  656  95  440  544  
804  628  601  488  363  208  768  614  164  171  660  929  485  122  346  980  773  541  471  990  587  401  456  694  784  746  925  657  583  177  964  306  868  422  1  196  338  434  515  319  303  564  754  700  154  534  805  599  757  379  312  368  533  439  674  142  958  83  516  185  140  587  342  130  28  566  563  673  825  394  181  227  18  537  780  718  504  484  263  306  942  282  357  637  897  957  45  131  527  577  193  321  795  457  201  148  270  233  892  707  
67  778  905  998  249  541  276  537  531  591  933  361  555  933  98  241  770  349  36  745  805  928  55  588  498  744  266  173  960  793  375  262  252  703  285  364  288  509  480  202  214  301  794  200  866  953  675  455  453  676  212  300  910  173  514  695  354  801  253  863  93  77  352  165  361  149  243  513  779  132  44  116  853  840  436  307  661  529  709  164  861  590  17  137  588  331  406  254  490  307  814  712  920  63  179  660  70  416  536  682  
262  46  978  668  901  197  389  182  418  345  403  540  719  671  807  826  453  759  944  220  308  977  833  35  415  267  661  313  38  380  176  553  421  392  904  582  410  105  658  566  756  54  705  434  878  642  882  453  587  548  883  510  284  335  65  412  117  101  913  182  477  485  358  996  932  629  353  781  327  574  279  685  710  99  36  747  887  533  653  141  964  391  715  264  759  168  595  376  397  978  299  759  824  758  551  70  127  434  193  630  
649  497  311  297  166  549  239  970  38  771  109  766  418  434  485  229  776  978  171  321  53  741  559  10  803  917  679  779  330  794  757  333  179  94  88  397  935  295  286  356  846  759  230  620  307  252  867  866  52  575  357  765  144  843  250  337  409  212  874  519  881  890  568  597  89  776  428  781  757  837  965  909  531  263  884  499  554  910  580  907  343  732  29  134  146  847  375  544  7  649  620  439  833  173  646  739  737  565  704  926  
652  788  265  353  762  861  26  800  787  454  161  875  516  461  814  610  367  622  387  725  808  886  576  197  460  527  764  826  93  864  688  10  376  143  389  867  511  990  142  981  865  616  272  839  983  46  397  428  547  915  672  546  985  752  35  879  79  388  757  320  209  844  543  671  397  35  173  264  525  502  634  744  442  919  419  163  821  875  766  952  722  970  60  819  182  851  649  8  103  186  253  695  410  431  250  840  214  195  838  59  
744  65  939  628  25  847  553  210  138  856  749  267  344  824  514  950  417  371  198  956  806  738  456  675  571  651  413  313  201  308  434  561  853  251  572  269  258  997  731  753  313  633  421  647  57  640  847  533  617  156  445  31  745  330  939  153  369  589  612  758  489  720  927  334  720  520  619  671  817  220  959  795  415  498  803  794  153  671  621  484  544  810  812  325  477  501  249  85  23  297  547  803  27  286  673  381  268  780  970  895  
226  769  856  694  375  398  203  647  628  424  666  152  882  65  133  763  276  400  174  467  546  307  853  564  977  672  530  820  534  603  654  519  769  654  434  987  230  235  961  314  790  639  890  421  724  644  109  907  404  150  358  710  654  567  231  790  48  802  728  748  969  848  154  949  138  602  658  473  991  251  361  767  707  825  55  503  738  633  671  155  591  244  94  451  478  217  725  668  756  656  303  132  818  225  692  308  585  159  571  562  
63  588  662  522  799  305  287  961  207  338  97  614  203  893  1  517  479  29  835  729  321  607  345  414  685  328  862  584  530  217  393  363  49  296  413  32  678  828  813  480  399  364  685  384  970  997  347  570  916  207  725  532  387  522  476  846  44  378  221  493  953  876  649  584  514  740  586  651  540  389  382  456  752  828  184  398  922  537  89  307  577  442  798  726  246  942  771  610  726  547  653  112  482  421  501  548  262  996  937  321  
934  448  100  92  731  724  782  362  309  228  310  647  659  868  595  500  71  726  266  884  93  464  146  115  505  752  587  347  439  692  245  877  246  530  413  673  926  257  194  394  545  83  438  464  198  487  536  579  0  775  918  768  605  67  295  196  498  407  831  867  700  608  76  539  921  270  149  170  645  503  730  976  729  105  46  603  173  41  393  773  646  684  138  804  971  584  570  678  449  161  275  54  239  140  360  343  284  921  54  844  
259  442  872  146  889  594  240  859  533  700  961  152  582  249  786  394  675  29  5  309  779  903  605  601  540  747  261  734  385  878  646  179  653  269  65  595  868  11  234  229  465  197  53  703  282  19  386  366  856  293  196  125  946  639  48  631  705  507  217  338  685  202  952  755  655  486  368  927  816  319  504  373  238  432  153  134  15  397  799  902  510  764  301  802  331  941  361  389  71  646  142  849  885  920  920  455  795  560  443  611  
24  186  420  751  472  217  281  593  650  740  876  948  690  357  698  656  379  339  674  935  188  594  578  846  939  268  19  611  776  662  572  785  776  201  940  326  738  204  113  637  517  59  757  132  728  14  832  132  12  296  257  952  316  841  238  261  397  955  796  541  776  742  312  175  732  168  651  182  648  484  940  172  438  606  207  332  755  497  475  177  851  397  474  750  682  488  617  602  693  640  391  663  527  554  827  96  488  954  582  469  
919  839  255  188  39  178  293  198  952  715  999  811  405  80  79  426  219  603  286  409  529  103  953  254  306  143  496  328  559  659  311  957  346  896  878  568  998  242  163  302  386  512  15  230  172  45  830  347  754  390  840  767  315  501  653  893  317  817  973  675  247  856  604  354  206  698  581  340  94  843  350  225  990  404  249  510  854  838  18  907  684  805  660  102  185  309  959  841  123  36  396  445  275  740  289  866  527  131  735  956  
442  568  816  499  15  195  719  383  693  266  24  126  100  700  958  100  830  892  211  110  824  740  58  563  199  3  656  391  192  637  809  301  176  701  111  792  386  353  285  430  759  834  906  370  695  583  122  84  605  573  454  167  449  237  690  951  816  914  167  509  846  429  943  657  299  439  94  299  474  394  729  878  710  380  30  705  416  258  627  570  652  517  754  521  922  883  442  607  112  228  561  682  180  711  317  14  526  233  362  25  
124  378  485  578  376  916  120  983  420  912  838  403  854  631  358  808  542  321  68  534  628  550  34  8  62  799  359  311  303  256  358  85  804  284  103  240  128  117  770  562  663  311  503  297  943  815  803  647  618  165  981  424  768  875  823  19  586  961  336  912  561  639  238  621  597  630  225  372  49  923  394  148  268  857  714  562  795  474  231  3  681  641  401  441  760  639  147  977  545  857  85  205  64  482  254  306  731  370  239  760  
737  539  731  769  815  987  450  336  277  595  173  664  968  275  364  510  624  191  506  196  10  643  234  818  568  638  355  67  539  638  583  33  539  136  89  742  757  969  645  361  995  390  601  873  834  477  945  113  29  527  505  824  446  914  747  516  85  670  952  330  9  228  339  276  299  422  449  407  418  31  69  504  120  984  576  195  380  988  821  672  673  337  211  115  164  188  131  637  962  479  145  892  472  921  736  668  612  98  942  992  
753  657  207  169  824  717  557  658  473  820  156  6  41  139  396  438  790  403  912  163  661  508  283  564  68  681  66  477  52  175  308  468  286  99  486  225  911  128  852  241  54  697  234  967  682  193  424  632  120  612  300  673  105  266  457  303  811  504  485  187  958  298  208  480  511  817  552  994  289  461  193  349  470  351  250  103  78  430  852  11  767  564  651  227  914  724  447  193  774  314  716  514  678  278  84  152  349  23  655  586  
234  368  633  330  518  258  314  602  122  894  435  196  358  893  363  141  732  142  9  670  131  467  580  263  600  464  71  839  734  968  864  876  606  654  31  107  34  398  844  805  643  598  905  663  354  268  550  684  972  605  684  417  662  526  353  476  520  379  682  538  526  578  967  420  913  179  511  325  133  638  941  459  235  817  746  455  895  957  170  370  4  92  875  982  458  113  671  375  690  715  427  348  856  119  375  838  159  730  694  716  
131  440  448  79  632  356  331  625  784  828  625  885  825  319  746  123  164  334  321  531  130  669  148  707  689  629  782  718  4  55  823  811  505  998  875  815  244  289  519  128  449  885  463  784  55  651  165  810  352  867  805  588  44  92  820  448  101  374  758  49  597  638  446  879  547  950  880  414  541  863  674  449  631  531  858  231  634  427  745  192  24  674  445  518  964  341  180  346  422  719  516  649  532  620  47  963  172  514  508  289  
134  456  217  88  102  372  932  630  870  532  521  640  723  856  550  421  350  530  234  51  107  268  907  4  670  237  343  500  129  551  635  90  866  576  815  665  113  90  706  474  760  265  210  47  699  193  307  566  102  546  425  936  102  281  937  445  839  108  713  870  893  465  456  735  447  699  112  351  637  459  408  85  306  455  382  545  44  929  26  508  344  455  21  340  411  906  160  512  748  101  649  45  133  204  64  123  544  654  929  807  
405  241  698  749  297  929  699  489  187  436  333  618  121  973  699  532  887  571  189  537  263  285  212  468  748  460  488  473  480  741  812  444  318  761  91  508  546  59  60  868  692  878  145  638  547  40  462  260  190  119  956  349  181  327  165  160  831  133  929  951  117  690  711  955  3  71  816  872  879  594  982  958  426  699  2  523  635  37  522  536  515  940  561  86  547  703  344  740  905  530  882  905  962  236  294  112  169  135  869  77  
597  449  371  658  681  814  523  486  389  280  515  83  26  132  879  362  51  170  761  749  735  833  510  153  355  940  331  182  627  205  982  549  681  269  937  5  774  37  642  273  998  932  566  537  225  189  571  68  99  451  309  887  356  884  592  613  475  48  196  562  110  677  15  805  165  929  940  66  781  626  841  586  648  365  558  720  721  193  89  416  949  375  535  69  85  177  165  711  888  116  68  376  54  435  147  378  807  937  446  383  
49  3  469  84  313  583  495  26  80  885  381  794  527  985  907  589  102  586  425  157  853  675  440  52  470  563  439  415  81  186  653  774  423  530  577  234  339  631  310  820  234  61  946  262  899  990  629  88  546  596  735  906  766  553  794  753  490  896  359  240  65  191  172  579  778  236  667  403  363  585  758  593  962  373  998  881  775  705  522  701  653  611  85  946  831  282  288  843  703  872  511  473  650  93  144  859  399  293  309  184  
974  416  395  310  781  169  619  605  726  166  749  998  108  363  221  58  804  883  494  504  697  525  738  294  231  847  387  434  705  857  140  462  454  88  601  927  118  973  510  720  779  498  147  752  859  280  364  612  913  72  494  82  915  604  781  435  550  713  67  292  893  372  508  178  337  878  93  855  434  581  66  909  332  448  158  102  77  894  653  534  666  916  454  597  313  593  604  21  650  696  412  612  982  642  768  518  810  389  818  491  
629  868  765  440  428  660  76  349  822  969  174  2  611  435  833  575  513  384  979  670  414  927  408  383  241  606  14  416  804  273  484  687  98  328  641  878  710  451  480  97  444  909  713  726  152  186  371  786  972  861  334  804  912  707  317  928  90  646  448  467  885  55  512  990  133  723  131  257  800  449  927  613  848  773  859  437  22  788  425  378  904  540  264  914  795  375  638  509  956  829  363  859  759  10  208  533  747  251  190  143  
637  680  60  894  993  855  312  532  639  309  718  989  505  825  310  444  99  599  304  55  851  446  707  725  648  447  907  280  471  154  0  442  193  934  747  408  0  45  348  469  240  962  502  517  922  744  692  527  620  496  789  925  900  86  787  35  275  97  546  570  766  453  427  512  856  327  344  78  556  652  442  854  245  470  670  478  360  341  958  621  225  813  523  25  883  641  624  555  716  853  587  840  940  112  428  260  590  382  152  893  
462  176  47  961  283  806  441  149  398  563  999  772  744  947  142  16  491  372  958  352  463  965  352  877  660  263  967  242  655  559  422  33  885  181  583  908  860  189  595  974  153  512  221  527  252  965  872  997  840  273  329  830  807  944  832  735  699  942  464  815  806  167  726  285  515  71  766  786  453  104  168  893  61  166  538  898  121  224  471  397  400  725  573  81  330  503  612  216  676  569  114  461  465  553  820  798  844  610  671  495  
19  282  861  821  149  378  715  449  467  991  398  404  580  443  685  885  59  681  682  796  852  476  795  50  548  794  573  527  237  698  80  24  144  703  909  979  285  864  235  184  878  550  265  174  875  193  566  254  846  943  901  64  990  714  77  153  729  253  276  614  49  3  443  887  810  212  500  555  42  924  680  395  318  722  917  838  934  322  316  753  247  351  801  56  439  25  828  182  613  934  189  341  197  33  540  722  491  204  766  808  
520  586  356  15  720  270  741  624  324  297  467  473  378  180  355  760  394  843  686  165  500  226  357  544  829  119  169  572  281  819  432  87  618  350  364  687  862  910  541  962  158  180  119  489  627  243  14  515  340  302  53  170  834  212  951  252  332  138  461  737  886  966  109  411  860  540  339  286  773  967  530  990  403  869  603  568  638  727  718  766  64  324  622  722  955  897  407  605  207  959  475  317  464  553  417  969  539  312  503  810  
529  628  526  929  421  218  164  935  95  861  992  988  683  122  181  271  755  828  457  527  217  696  240  612  161  326  457  293  891  269  682  359  166  738  687  926  536  749  110  883  538  912  486  42  128  324  70  551  119  689  290  213  870  626  303  34  663  612  48  995  55  849  473  191  401  764  977  874  369  891  629  569  683  772  22  812  276  318  853  93  505  109  733  132  12  441  86  244  981  372  858  422  252  734  248  287  404  375  742  465  
67  40  372  283  311  358  724  678  851  412  117  573  486  268  214  431  388  753  151  725  950  172  524  282  557  857  891  164  92  598  756  102  611  152  576  391  8  649  114  459  248  914  547  267  187  368  858  971  909  222  463  233  88  335  192  485  191  247  381  953  414  461  526  350  661  39  965  736  595  602  86  544  23  195  827  500  42  967  651  948  0  892  322  516  278  538  820  57  349  362  699  978  204  881  425  349  348  192  415  954  
292  644  587  360  597  101  408  682  280  925  48  846  660  726  636  74  635  896  372  763  604  375  689  819  99  549  216  766  684  609  754  905  976  451  406  400  30  154  872  755  538  453  634  148  307  2  872  431  501  894  290  558  791  178  595  592  440  774  327  254  675  676  801  770  825  548  521  108  661  352  37  626  266  379  647  155  793  899  940  96  255  751  228  207  579  111  37  830  213  263  114  201  914  287  417  615  948  482  298  671  
767  161  780  547  798  324  498  614  995  780  98  199  965  391  765  402  300  233  530  391  472  804  702  394  151  604  622  166  622  50  597  454  839  162  840  898  88  331  439  274  316  546  206  658  803  91  426  786  445  134  391  401  787  650  333  110  966  889  484  154  985  519  628  725  473  375  39  259  174  764  2  379  537  969  654  604  701  319  461  204  498  57  72  975  236  388  598  928  114  608  726  815  707  661  829  279  235  44  891  779  
362  308  816  196  110  638  860  969  367  237  284  500  544  565  697  85  422  223  106  382  768  678  809  25  918  897  67  881  830  349  817  996  322  694  604  490  854  755  166  118  893  363  723  469  507  103  325  695  380  502  751  809  531  103  25  173  896  614  347  63  209  94  509  556  665  15  562  673  101  677  109  221  779  53  516  437  814  460  953  794  652  429  768  48  408  151  954  669  235  585  255  164  670  395  947  262  778  818  807  901  
536  415  224  316  493  550  101  93  213  294  466  808  921  489  377  549  139  57  808  71  253  797  429  141  193  103  54  486  507  844  606  89  539  879  922  174  799  754  169  963  677  922  505  287  302  813  471  517  838  139  430  446  288  862  185  726  191  456  819  921  615  544  795  97  929  728  414  207  565  845  516  427  386  700  245  946  33  798  636  364  712  968  665  742  698  825  221  594  715  416  462  33  858  890  515  19  639  317  449  59  
803  93  187  721  95  832  648  165  733  311  583  701  603  11  549  475  766  266  15  534  850  765  843  700  543  151  16  873  176  500  599  654  78  459  921  552  529  258  647  444  718  612  489  5  139  746  222  233  639  619  298  678  96  697  678  4  292  938  776  279  33  327  715  396  144  693  882  229  747  485  94  883  72  50  816  239  309  303  903  797  19  794  506  973  104  185  810  327  988  944  399  779  941  499  419  178  366  918  875  868  
706  687  809  991  470  228  631  80  813  575  942  258  165  539  148  888  942  73  364  376  931  412  231  423  889  125  273  427  660  707  79  56  441  146  52  330  526  655  858  988  126  38  981  35  417  681  251  595  767  581  880  211  773  890  590  719  168  815  938  722  511  7  442  894  629  324  258  666  179  398  933  174  173  328  441  374  683  136  267  569  671  81  754  789  174  775  415  200  887  94  362  397  217  86  240  602  178  159  920  610  
905  278  381  476  301  241  877  734  790  421  873  599  937  449  829  808  18  246  815  286  922  958  836  816  215  909  886  335  306  513  362  230  564  530  557  823  330  541  655  72  696  467  816  448  178  577  942  658  109  659  521  533  868  522  149  117  334  952  551  90  492  324  491  682  640  782  498  214  610  136  681  254  20  774  548  170  173  460  153  662  243  371  585  768  137  992  122  809  64  617  799  350  306  669  41  283  897  263  454  571  
382  5  32  830  30  963  185  775  535  208  802  848  776  794  859  556  222  659  956  769  307  39  626  881  176  536  62  195  188  488  127  275  109  18  416  170  306  214  972  315  243  511  789  356  496  939  27  717  175  870  442  32  521  715  917  556  579  497  983  24  323  845  416  121  208  922  284  264  908  329  183  675  838  150  269  142  639  602  406  710  775  735  318  698  960  3  899  638  263  691  624  133  987  587  446  242  814  744  841  699  
464  747  297  139  187  498  743  731  338  164  127  428  802  736  438  387  66  146  368  657  847  172  588  646  48  421  700  866  73  313  292  423  818  589  427  415  671  461  263  557  787  660  443  554  701  494  852  991  181  285  617  58  160  447  448  175  518  824  726  444  221  425  982  273  542  597  443  506  534  188  401  362  383  190  173  686  164  733  468  35  76  175  777  676  245  87  712  452  138  47  248  509  375  652  438  51  121  342  700  41  
242  283  560  285  930  415  161  849  178  689  972  737  18  589  108  621  163  242  288  226  198  271  903  841  514  687  398  491  533  853  450  23  834  62  809  842  817  90  227  418  700  782  438  871  965  146  223  878  997  506  676  948  639  451  142  475  243  563  988  116  623  101  818  353  560  264  184  717  318  876  183  787  773  80  399  840  928  218  492  790  824  348  951  893  258  479  593  80  854  239  186  874  459  323  207  51  760  879  921  787  
110  592  346  265  234  267  347  680  62  394  929  895  127  892  943  19  441  464  292  356  758  102  540  841  774  722  517  784  447  758  456  438  614  802  703  135  678  811  998  99  397  845  826  590  527  14  30  898  761  897  836  506  519  964  128  229  266  598  440  453  113  232  464  700  8  143  283  58  366  283  403  734  872  944  49  398  251  334  600  444  927  719  532  791  311  396  344  115  60  156  437  486  249  59  262  256  746  866  176  462  
629  233  696  795  19  910  44  332  32  928  483  614  125  789  288  151  615  308  465  933  489  495  215  375  740  881  838  102  774  704  172  919  88  855  991  528  10  651  62  292  929  640  161  709  657  847  261  149  413  806  167  993  675  468  946  739  317  615  116  370  794  372  226  104  147  810  612  56  937  156  524  313  635  649  599  828  437  122  494  102  797  247  926  234  207  590  747  222  777  649  628  216  56  155  359  854  353  7  605  503  
812  612  608  152  170  401  273  990  551  1  823  469  882  923  786  932  442  649  541  214  187  611  825  989  422  888  574  396  94  64  156  801  151  376  200  421  833  842  867  930  914  369  844  80  745  750  726  891  246  482  76  565  632  769  912  867  550  855  315  31  863  98  942  954  334  835  896  411  12  210  640  801  745  285  738  377  61  372  735  524  249  925  436  559  947  239  205  912  294  197  706  987  744  593  511  46  85  305  10  7  
600  883  294  904  98  865  676  332  11  673  961  65  5  212  706  698  457  361  307  103  337  525  640  315  764  129  475  226  784  879  708  157  209  490  559  28  896  746  382  902  239  873  919  144  616  685  665  784  293  106  280  28  923  51  336  484  400  661  318  321  659  601  481  616  290  267  399  111  30  731  165  331  132  400  487  428  429  292  157  661  12  600  158  268  183  628  398  194  663  251  955  855  698  649  397  901  224  890  68  519  
562  633  508  463  750  921  891  217  839  860  27  15  554  149  578  721  315  244  6  240  397  637  743  384  793  557  997  976  734  691  880  279  735  519  839  789  186  98  896  875  716  1  725  224  146  967  344  41  594  781  997  603  680  137  110  528  252  209  308  796  497  50  609  59  689  857  98  562  107  381  281  94  31  544  658  116  88  344  747  542  296  294  558  287  553  401  523  691  303  856  566  718  260  339  368  928  803  900  298  289  
142  0  812  871  763  892  211  537  649  701  297  38  345  368  758  31  871  75  436  406  911  398  648  986  916  113  644  552  459  780  10  295  391  933  907  736  958  377  214  864  433  906  28  740  680  289  911  480  932  609  915  716  174  920  261  83  28  82  808  777  708  83  662  720  889  777  395  519  755  612  854  240  211  763  689  28  651  12  855  110  580  864  253  665  857  121  737  998  609  560  255  286  954  199  707  176  793  544  24  711  
334  56  319  443  819  828  99  459  717  398  521  668  876  980  910  993  685  373  456  815  166  649  854  346  25  788  651  490  402  998  406  900  19  882  181  534  335  873  680  411  234  666  770  895  743  977  433  824  876  193  55  161  184  7  121  996  181  965  612  162  832  391  960  218  294  589  517  93  552  198  322  146  494  589  524  363  546  387  67  322  451  576  505  393  283  295  427  597  402  726  266  22  9  327  347  558  498  790  882  219  
932  590  262  499  309  722  53  635  825  741  632  284  607  103  610  226  50  861  50  546  260  732  191  664  542  209  899  802  565  224  488  485  591  967  704  874  796  613  17  676  423  965  148  640  434  961  742  753  777  797  768  944  367  162  449  557  918  747  596  364  490  703  420  590  660  827  91  579  829  515  954  281  776  565  379  68  250  331  866  962  885  891  434  170  224  452  364  688  986  631  929  847  957  288  641  492  216  687  133  570  
37  903  486  520  129  323  120  339  857  744  985  697  826  947  388  427  825  807  426  118  473  755  368  775  882  686  323  952  983  920  120  372  648  910  360  674  374  945  0  185  941  340  935  305  675  56  601  729  727  367  409  371  85  121  707  224  518  237  95  737  731  216  57  163  58  675  157  718  58  588  79  258  929  28  65  431  277  776  487  608  574  966  4  434  450  294  727  927  419  826  847  633  739  740  83  453  535  739  895  230  
482  976  73  251  688  315  682  14  763  14  800  26  26  554  615  656  605  782  327  502  438  321  41  893  953  216  892  397  772  760  244  735  905  34  914  998  992  398  206  155  49  173  376  852  152  199  383  193  137  69  25  123  763  237  217  728  385  760  662  759  627  97  688  652  323  484  877  321  572  680  738  706  413  306  317  587  218  752  599  296  403  767  223  529  686  450  721  703  32  631  526  687  777  127  885  907  286  946  159  975  
127  197  328  375  504  225  242  354  61  641  875  970  103  824  494  235  883  556  871  646  34  339  904  18  147  312  697  445  220  242  76  692  799  418  726  445  281  807  50  853  334  839  183  3  56  964  98  816  847  96  790  457  530  831  663  874  243  536  159  289  41  839  192  852  719  594  600  120  130  774  810  56  791  253  704  422  803  14  694  537  52  426  643  267  812  150  857  429  391  178  955  153  626  100  886  612  787  954  512  134  
855  675  389  735  406  480  545  328  811  524  352  835  519  988  176  128  414  901  40  198  697  938  546  178  674  87  147  886  583  37  268  625  621  521  161  31  925  147  87  93  932  264  394  571  701  461  955  718  137  105  57  385  31  629  311  287  566  970  395  440  390  759  599  286  47  326  320  682  794  970  564  992  99  80  897  988  280  422  32  791  491  452  296  874  379  310  774  77  185  667  994  421  414  789  334  776  802  413  815  934  
927  826  206  614  748  270  784  50  486  957  289  656  248  547  40  861  515  857  604  152  920  716  92  649  106  650  499  700  866  921  482  414  314  814  496  531  722  799  701  425  17  838  652  876  755  250  774  599  153  875  748  340  631  914  36  112  38  971  964  966  234  976  309  318  837  579  935  802  242  671  946  661  782  988  316  216  897  61  119  666  547  871  586  596  849  489  175  510  830  571  605  945  534  100  444  106  502  156  797  504  
71  18  836  138  10  363  958  352  525  848  404  596  92  2  626  308  890  493  697  952  678  806  176  666  547  762  274  151  824  245  464  680  398  892  831  85  168  927  668  175  116  431  252  304  15  319  513  954  256  274  94  456  882  177  139  565  877  703  180  951  566  11  972  319  843  881  735  257  739  102  940  218  26  285  841  2  914  771  874  488  236  275  553  556  734  303  297  861  583  629  726  952  702  489  611  697  193  780  199  681  
385  785  306  669  786  624  649  510  240  633  593  682  572  806  88  55  943  925  502  791  318  921  283  573  715  636  275  562  196  443  820  715  492  614  616  859  0  946  62  329  932  933  162  270  740  838  349  829  879  214  359  983  605  943  617  194  73  983  327  277  913  568  186  275  466  144  220  937  113  41  220  533  188  84  106  70  863  238  309  842  899  943  343  816  497  306  914  59  396  934  331  47  531  81  997  323  702  324  297  363  
56  87  681  136  483  249  596  406  610  163  443  963  655  890  978  983  261  744  707  316  255  910  364  211  391  448  656  720  708  725  163  756  138  801  7  733  141  289  380  804  784  938  373  122  959  646  429  88  390  340  479  850  744  243  365  622  825  234  289  255  967  823  71  345  627  867  483  856  990  791  199  378  774  261  709  333  752  884  91  742  511  425  348  839  250  623  778  36  852  652  706  515  725  447  288  117  982  929  105  205  
26  495  976  452  47  681  416  567  324  971  600  702  749  613  412  649  945  728  640  993  285  880  615  352  329  161  250  94  968  55  101  401  461  342  147  336  744  154  505  324  128  108  248  851  635  658  308  611  313  322  658  896  911  851  78  834  551  519  642  134  172  873  914  854  19  615  596  856  317  868  470  656  121  629  760  875  46  869  728  433  262  480  220  750  511  448  553  85  411  263  675  273  351  178  126  162  840  767  544  648  
969  211  993  343  409  73  475  720  170  418  548  799  220  534  154  446  656  413  846  373  513  677  281  188  180  752  891  376  704  929  42  781  848  890  991  990  958  165  949  214  794  774  331  890  815  489  529  781  566  773  583  327  109  52  280  243  943  758  261  684  679  105  774  315  279  959  988  936  538  524  498  362  738  923  922  556  427  620  740  247  471  275  704  806  563  744  405  722  814  55  322  970  441  756  649  494  154  581  764  608  
331  923  271  904  607  69  581  955  845  379  639  607  77  645  783  494  431  742  578  532  771  984  612  894  906  709  102  633  660  407  154  804  939  741  671  388  277  826  560  538  623  835  654  786  828  133  886  499  221  697  830  798  874  766  312  445  998  169  65  937  521  402  251  183  944  742  86  969  55  469  646  317  14  288  358  428  473  417  146  137  841  838  810  331  416  75  66  305  970  51  958  306  926  219  923  510  460  163  433  20  
281  745  669  448  190  196  154  696  455  675  111  148  487  456  4  880  128  532  918  752  208  599  866  127  207  668  974  699  53  991  411  520  897  396  431  535  35  933  287  283  155  496  801  969  627  739  543  257  863  773  239  717  597  850  848  709  319  506  976  20  302  462  760  146  504  928  625  679  994  775  263  9  248  652  787  322  961  364  359  410  145  618  363  324  70  375  860  399  723  609  740  987  610  789  285  494  700  347  46  779  
965  381  784  869  971  123  498  277  885  430  593  854  729  638  204  889  5  355  627  586  302  645  871  526  79  288  988  871  785  247  844  622  425  443  309  788  504  697  138  269  876  862  392  106  739  655  703  617  471  97  120  90  501  65  493  472  672  978  403  891  315  753  141  302  891  766  555  578  554  577  15  422  192  207  208  529  516  912  199  774  425  181  231  547  35  779  410  526  337  511  254  147  220  341  918  654  253  641  852  322  
414  105  117  229  334  845  597  776  632  604  514  438  877  404  516  312  821  438  17  826  477  995  255  462  11  223  619  363  757  993  678  489  271  299  815  76  523  837  108  699  730  384  834  12  601  234  372  525  647  517  199  401  378  555  436  390  410  843  847  807  197  241  637  819  825  941  226  121  281  698  376  797  718  793  436  964  575  177  930  640  540  549  16  648  331  139  872  592  21  229  551  984  579  989  75  883  738  809  218  894  
453  761  901  139  250  793  675  42  789  15  146  107  232  315  320  738  12  766  368  639  617  696  648  577  361  490  102  774  507  884  795  793  212  293  144  633  551  349  221  538  781  480  905  179  488  17  643  299  857  264  606  864  913  170  132  637  389  523  825  408  946  355  944  637  848  778  540  898  732  401  276  665  373  967  905  867  655  884  532  431  150  502  8  55  378  797  575  531  817  461  809  308  83  160  271  719  263  141  301  899  
546  417  269  457  63  528  32  424  138  992  696  642  999  811  298  247  656  591  55  780  35  339  641  119  602  360  514  905  235  129  911  584  696  329  236  736  41  360  394  518  557  513  763  417  728  443  126  493  838  250  38  533  622  761  69  836  825  967  429  417  450  163  279  468  176  412  149  705  30  866  841  392  67  355  681  407  453  35  170  653  57  67  889  467  485  684  657  65  423  488  798  897  374  6  880  748  750  960  51  256  
633  458  683  19  201  298  85  959  186  102  353  938  348  70  812  880  630  455  249  343  414  233  791  87  933  126  390  188  999  8  195  913  224  805  947  771  498  689  125  511  955  969  583  945  115  191  690  362  564  735  602  613  602  381  413  566  458  696  942  943  670  95  465  777  86  239  246  307  547  582  83  666  212  359  985  142  460  322  369  700  931  951  935  933  904  167  356  506  784  535  234  570  200  26  969  810  231  130  63  816  
999  891  219  197  370  660  402  620  584  43  603  122  783  651  301  748  44  485  688  496  741  328  145  393  577  478  623  426  399  669  362  526  219  70  3  434  695  93  158  584  350  702  565  265  131  856  702  109  609  185  789  426  668  134  780  39  924  493  678  820  153  657  83  624  738  969  965  470  208  662  570  638  87  702  482  635  789  10  256  334  531  912  526  990  33  950  625  465  653  180  707  140  219  12  663  635  809  33  951  750  
233  601  585  49  154  441  312  806  728  579  695  672  647  638  32  350  487  83  299  795  41  351  50  222  840  170  273  315  355  290  579  525  951  612  7  982  265  377  841  580  488  849  501  530  553  559  663  72  500  577  942  168  852  250  974  455  932  525  717  59  669  656  805  111  436  347  552  296  104  419  162  411  809  64  40  766  244  215  670  464  595  989  918  829  313  393  341  689  891  99  415  720  858  687  107  248  981  977  953  964  
716  612  183  143  255  523  891  177  941  674  595  696  224  266  496  149  621  975  105  266  601  344  100  878  95  771  999  797  143  554  77  110  632  542  676  74  950  214  898  542  455  604  368  173  263  444  439  966  387  506  735  565  762  935  823  744  560  992  478  816  140  267  96  610  265  886  420  689  882  214  482  794  519  856  306  676  532  280  335  18  896  652  467  558  50  948  452  299  832  265  612  167  138  839  782  963  147  728  476  889  
799  806  886  737  696  956  349  568  363  994  245  405  431  19  65  169  838  428  480  875  387  964  237  437  779  306  740  838  137  480  552  772  378  426  706  142  975  507  132  668  840  228  100  572  709  377  940  170  984  227  78  915  486  699  916  206  773  865  229  774  959  762  740  96  37  439  523  622  591  672  421  486  311  492  760  587  197  827  145  70  413  587  466  424  813  947  950  766  138  520  53  265  283  473  35  872  621  217  811  933  
165  592  314  578  644  574  6  190  188  286  708  111  129  818  472  813  915  241  295  401  336  266  265  400  70  755  131  401  838  514  16  590  28  151  224  802  627  549  184  320  941  620  969  99  944  596  813  863  637  383  291  715  930  75  820  674  198  970  102  573  396  152  678  622  737  273  570  763  944  541  908  582  749  874  963  149  535  947  396  602  758  754  430  57  203  63  290  625  735  228  353  129  716  823  239  985  776  106  782  906  
407  355  70  947  312  363  511  449  856  334  921  834  627  526  859  454  889  51  752  530  316  275  303  538  280  482  969  58  740  550  590  274  117  338  464  412  681  765  409  947  296  998  337  994  295  263  519  702  735  419  264  472  426  692  374  547  157  941  688  270  65  321  927  631  708  63  584  117  36  819  805  568  20  177  238  359  591  840  790  93  832  353  824  328  292  51  192  752  680  213  774  633  828  655  485  821  401  405  425  473  
694  800  847  186  974  763  295  412  862  159  52  519  898  932  260  670  519  612  802  965  827  645  577  870  793  196  267  504  80  736  800  181  987  554  514  783  572  287  445  734  193  599  52  752  440  53  710  990  743  859  504  782  364  106  748  106  347  227  991  245  358  405  919  829  94  627  259  818  88  953  182  993  883  843  963  693  398  506  292  787  726  404  877  640  845  831  739  681  166  442  955  438  541  439  5  269  804  521  590  671  
31  342  605  808  33  689  877  776  24  183  641  977  131  195  959  789  972  632  115  694  64  939  748  17  178  539  867  872  96  22  463  714  878  217  670  665  407  515  766  255  66  830  346  574  312  276  376  171  459  458  782  622  82  283  957  217  690  884  54  322  671  599  969  95  944  542  637  101  160  94  290  325  896  198  665  220  497  258  565  909  608  736  987  957  75  30  196  66  559  878  491  233  876  360  74  99  104  122  527  843  
312  822  884  254  462  768  84  872  403  107  425  703  741  239  515  622  4  496  763  416  335  230  453  647  468  349  52  568  708  577  535  317  916  879  657  119  16  946  335  53  466  465  354  493  992  970  540  414  956  869  511  272  948  95  209  368  770  594  332  668  38  405  585  464  728  645  661  834  554  312  236  832  273  705  586  964  252  813  337  512  108  969  532  956  548  262  289  122  427  434  277  2  564  92  10  119  519  436  396  445  
368  605  785  317  796  279  454  22  172  781  214  18  363  16  973  410  890  566  19  295  738  11  485  198  849  482  549  855  653  512  929  171  382  501  1  703  289  272  546  233  94  557  376  317  43  622  808  493  113  68  139  515  404  144  318  244  489  898  942  284  543  756  289  135  952  581  600  771  625  718  945  760  797  178  65  424  488  846  191  713  743  682  515  348  93  92  549  897  7  408  842  817  665  798  728  432  210  496  203  765  
906  421  617  207  405  231  168  733  191  902  663  610  54  575  121  284  64  636  998  415  945  553  147  299  270  392  482  399  872  866  773  424  672  891  868  194  353  785  382  809  244  144  292  156  204  484  40  799  433  981  868  372  146  976  888  94  251  488  403  889  831  376  58  697  798  123  959  253  399  74  561  647  610  306  177  276  316  575  332  707  973  753  548  563  422  338  2  285  995  608  270  563  561  61  687  715  529  393  494  925  
970  33  212  261  893  310  267  380  202  36  338  330  608  221  939  920  697  202  486  37  43  381  496  647  427  686  23  44  781  360  956  228  574  519  867  980  522  625  702  562  409  30  133  456  261  621  2  767  655  428  329  474  903  219  453  491  337  662  198  726  284  70  918  520  775  98  914  603  357  367  582  505  239  641  185  226  472  109  848  669  276  485  862  959  441  790  81  634  56  58  976  941  653  429  208  428  873  110  702  788  
377  476  631  221  215  802  643  260  238  289  32  676  228  744  258  601  552  458  824  504  106  557  202  478  578  418  398  932  928  454  754  892  75  996  860  283  821  340  46  90  267  548  981  634  739  330  976  859  798  515  69  506  741  691  191  573  359  777  788  468  472  94  203  278  462  74  722  637  861  660  558  351  290  324  756  898  733  486  580  971  871  157  285  210  499  785  243  326  161  294  173  177  749  147  331  895  79  124  909  977  
267  300  103  40  312  579  225  744  742  32  338  419  384  67  716  110  425  282  802  668  652  293  54  765  179  872  744  35  489  349  49  929  699  75  470  952  856  511  815  488  138  565  487  207  173  915  702  305  636  210  89  780  19  538  331  630  574  417  645  61  89  376  882  803  313  195  277  5  151  410  203  70  677  224  797  436  345  175  166  215  191  494  787  129  74  97  736  943  227  3  631  914  90  75  851  618  953  48  267  792  
905  865  706  279  179  22  347  902  24  573  713  228  205  458  980  425  566  398  49  828  820  802  705  342  353  544  473  874  103  302  377  160  424  64  366  621  409  978  586  1  840  71  371  556  436  64  369  653  803  412  865  377  550  184  399  445  929  924  8  312  631  786  573  527  91  676  859  598  201  816  968  896  978  258  352  492  990  406  677  164  132  329  685  938  901  684  821  466  271  507  316  814  853  584  458  578  244  646  279  157  
328  229  576  160  468  986  515  278  217  632  228  888  806  943  145  596  222  839  216  433  207  425  16  546  238  946  860  780  351  581  324  310  666  236  606  44  26  515  978  160  424  657  531  310  684  3  792  386  475  407  283  344  764  234  593  639  892  439  984  603  129  164  599  397  916  466  150  561  591  801  407  861  958  133  916  281  155  810  600  887  681  455  418  9  410  130  283  297  860  600  233  984  942  735  612  823  936  50  293  675  
912  992  127  297  345  793  5  470  894  878  499  201  885  764  825  280  662  173  610  732  330  955  67  322  265  857  950  70  324  216  990  950  337  419  133  496  612  400  650  657  658  452  174  819  457  113  85  402  292  806  282  588  115  892  10  595  854  520  795  488  490  849  78  125  892  744  863  326  379  727  925  589  986  376  229  418  283  987  241  683  311  75  694  958  577  661  507  712  610  606  901  944  815  561  711  981  928  649  871  672  
194  137  900  944  459  38  203  784  277  997  401  647  92  374  723  236  353  181  873  460  329  777  49  898  584  674  527  833  335  340  562  657  868  842  578  123  921  985  262  595  845  595  266  857  78  325  421  868  648  133  448  692  38  435  131  346  119  906  586  838  333  291  772  780  471  583  956  517  383  599  136  45  501  634  703  54  689  922  184  985  136  579  85  508  94  697  406  404  410  125  442  648  655  691  680  807  670  107  676  312  
417  915  390  148  659  973  660  946  539  474  751  527  743  571  651  391  156  391  231  77  340  510  301  634  65  248  244  990  973  75  152  160  412  264  939  939  113  697  365  32  5  577  751  314  263  511  462  402  461  225  474  535  408  273  182  337  38  38  418  267  672  338  692  67  76  363  189  887  285  801  679  493  998  43  188  598  382  638  674  377  28  523  291  992  892  539  745  497  538  849  311  507  147  477  90  587  860  161  534  914  
34  713  29  924  32  588  178  512  366  833  364  535  278  480  830  155  363  839  555  830  546  197  663  147  410  598  936  68  464  652  611  978  59  582  627  563  311  696  277  51  213  566  863  41  175  286  926  204  240  417  111  739  570  966  69  390  306  916  153  220  21  881  784  905  230  987  254  524  944  426  0  955  821  513  487  267  313  279  449  887  593  982  321  604  373  128  70  104  61  232  481  589  415  372  673  197  14  69  801  123  
582  512  640  716  972  61  113  416  59  401  41  785  545  250  741  527  448  326  630  629  200  448  549  131  521  153  753  33  207  543  32  621  718  340  921  594  221  278  143  501  623  438  274  156  412  304  256  238  126  654  297  873  935  384  712  60  640  692  221  129  580  670  863  342  644  876  7  409  59  633  736  382  673  324  34  438  741  860  765  821  900  50  995  376  86  211  894  58  439  536  817  674  939  516  803  754  419  874  349  526  
