

Matriz b(Execução Sequencial)

771  14  860  881  343  767  742  4  322  488  901  124  290  412  918  180  89  118  647  326  356  315  949  0  519  713  235  585  478  120  295  300  742  12  886  448  265  820  880  529  529  194  406  575  524  231  120  800  749  634  763  189  523  469  927  662  259  933  207  379  617  92  138  368  820  644  598  19  655  858  116  845  27  36  302  291  690  632  765  985  830  27  472  442  184  187  622  430  949  802  508  184  307  775  186  474  969  634  544  143  
436  988  783  133  838  185  890  790  984  331  26  9  288  956  200  594  246  56  486  794  65  644  55  52  943  303  709  142  953  51  433  824  388  744  236  276  60  246  244  809  915  556  323  454  343  450  82  888  458  31  90  344  75  352  803  156  978  534  37  808  352  10  876  849  724  672  801  990  275  558  26  291  527  327  580  171  984  24  863  929  400  781  192  43  119  337  268  4  575  433  727  813  418  716  277  287  8  418  112  999  
589  653  296  742  351  448  728  44  517  626  157  793  898  319  626  48  713  404  670  760  203  492  583  447  836  532  432  197  875  720  910  715  584  896  848  455  744  162  485  957  403  469  735  691  399  111  749  177  909  508  638  467  281  195  921  756  856  151  330  345  98  383  103  375  14  922  800  465  189  595  613  483  614  108  697  348  49  186  580  51  479  85  407  786  246  586  288  519  563  975  606  476  208  739  870  621  357  855  691  546  
98  77  205  720  331  819  152  0  36  532  29  291  852  620  62  576  486  821  482  932  49  363  496  829  58  968  393  955  464  844  542  107  229  261  352  746  572  927  471  922  405  265  170  492  422  484  29  938  452  472  609  455  607  428  205  862  827  506  618  52  522  501  20  323  535  248  596  619  54  484  706  583  712  669  16  802  674  314  266  620  716  871  970  725  55  656  7  444  656  477  950  284  849  421  25  972  407  368  43  705  
742  29  710  563  456  188  227  273  508  897  48  657  315  205  112  336  679  835  533  266  684  988  624  295  968  960  865  155  519  930  522  792  270  574  45  913  169  529  70  573  9  469  100  550  205  600  761  862  833  272  368  894  420  381  470  610  595  738  17  155  883  914  389  578  308  907  141  766  872  354  215  715  731  763  920  911  781  298  327  274  682  211  494  153  851  818  298  631  22  344  67  857  816  332  903  76  602  121  122  606  
369  89  288  845  655  350  674  704  568  888  535  896  847  769  802  218  902  185  865  748  869  526  246  145  689  131  854  99  206  220  750  564  487  555  398  113  362  147  350  252  81  223  684  876  418  13  736  211  929  788  631  588  547  175  187  390  363  581  268  530  738  374  943  493  343  309  532  482  998  733  238  839  989  81  380  834  817  27  316  209  839  848  735  27  134  207  824  205  642  84  910  93  772  246  392  468  956  329  976  972  
289  848  504  79  967  235  489  919  439  712  283  935  732  961  71  701  137  123  680  58  225  774  567  328  366  133  758  847  835  652  84  19  685  577  495  630  204  793  920  149  199  216  736  274  461  179  569  974  264  926  823  912  516  645  773  527  78  729  379  680  207  586  245  684  800  299  608  872  671  462  389  522  983  805  320  590  470  586  586  947  495  964  929  84  632  119  314  638  543  222  37  867  741  519  143  793  332  35  245  635  
325  928  892  289  818  669  885  918  906  674  853  734  506  482  763  658  81  30  883  610  108  55  864  261  336  255  150  584  39  260  924  633  313  906  520  54  67  860  125  207  661  327  824  381  102  147  896  341  770  455  812  461  43  760  22  786  221  349  189  868  675  242  880  558  352  607  390  102  56  573  91  485  869  492  341  339  829  828  69  658  152  430  0  205  975  669  301  174  120  735  561  513  910  482  118  584  629  941  154  483  
540  348  92  19  843  463  593  340  68  216  324  45  286  575  469  29  260  996  584  236  316  823  830  579  987  503  257  401  709  710  328  931  427  774  307  462  485  66  392  836  7  179  435  633  97  134  269  625  805  790  715  161  141  955  360  990  765  990  525  141  20  551  612  48  992  814  244  338  311  187  550  16  330  314  214  67  252  566  261  358  488  161  707  472  824  789  930  991  218  202  958  538  341  629  857  160  233  585  971  402  
53  956  414  850  498  337  703  343  68  93  840  406  600  536  931  126  833  818  297  952  893  864  281  442  636  658  140  846  937  938  668  163  889  978  853  72  329  970  260  48  556  661  108  287  537  128  63  567  507  342  522  263  890  979  697  49  71  339  241  134  964  421  364  457  546  281  271  125  700  619  160  91  385  52  707  276  943  276  308  735  722  214  846  807  157  287  418  132  15  820  356  677  358  879  511  591  314  485  384  693  
375  832  799  884  334  756  274  449  486  32  669  161  788  579  572  988  945  945  753  679  818  624  568  933  779  483  55  306  53  402  11  556  303  716  478  142  128  346  501  514  514  529  558  666  594  804  126  290  476  972  520  430  988  445  834  44  599  54  986  134  416  316  814  782  454  331  664  718  187  27  864  427  287  867  43  773  74  500  18  678  281  444  141  876  192  270  390  709  78  163  611  982  230  527  395  376  74  442  193  583  
514  209  558  688  849  432  249  95  376  863  450  642  644  566  644  326  83  262  136  588  92  822  198  415  684  742  703  132  173  836  710  198  81  977  44  718  588  222  931  140  343  232  706  276  721  854  343  95  528  571  204  989  165  308  928  972  502  511  741  896  677  413  929  679  605  687  430  488  268  521  501  607  716  69  312  399  164  662  796  285  20  759  629  556  830  976  923  315  975  372  395  855  980  546  200  54  450  286  72  249  
102  356  43  941  579  168  550  471  17  996  830  145  898  295  80  246  641  47  822  461  692  51  691  869  344  983  887  966  459  532  886  39  52  427  666  722  934  982  409  40  60  732  34  514  583  127  873  357  451  900  306  377  600  86  346  967  699  63  752  468  620  628  283  222  419  811  901  17  180  308  293  439  649  585  731  130  439  963  508  263  296  579  829  17  399  546  580  463  755  86  1  611  715  593  596  864  711  727  89  575  
647  372  158  254  133  495  469  838  941  879  676  967  709  401  114  594  103  363  436  939  459  216  245  776  977  984  701  803  93  252  752  272  43  515  951  219  410  755  180  617  773  743  550  233  164  881  621  600  809  933  559  93  998  594  257  447  268  118  553  17  527  516  72  159  77  397  589  705  941  848  781  849  988  911  302  545  970  528  962  286  228  860  122  275  866  112  648  428  32  701  502  88  682  670  940  657  273  501  292  988  
674  683  754  647  222  147  624  412  756  969  278  425  889  260  262  816  570  804  910  154  337  730  990  923  347  732  409  346  506  521  992  232  886  999  458  842  550  350  408  76  156  224  100  4  927  208  682  184  706  725  47  798  593  625  94  30  604  338  890  661  196  796  157  73  995  296  702  484  344  214  721  519  935  666  289  556  23  694  97  96  805  908  440  115  599  206  914  229  3  900  875  839  516  169  982  443  422  163  540  666  
897  445  72  104  770  843  399  589  96  712  86  866  529  175  299  678  421  629  813  573  706  191  464  708  606  902  760  179  476  307  551  151  973  568  601  979  815  861  884  482  740  332  974  724  761  194  247  723  495  330  557  632  231  47  229  375  805  109  263  276  207  989  219  960  71  180  96  604  68  750  316  896  759  732  525  473  49  503  589  861  626  280  68  644  700  607  367  877  838  499  839  986  20  564  165  953  396  835  417  551  
675  98  625  587  110  325  542  653  765  213  667  465  137  789  87  500  911  155  241  610  68  693  283  281  896  20  463  181  223  98  727  489  506  132  57  439  277  795  638  516  737  357  252  563  689  779  913  524  450  255  624  129  652  725  832  253  533  794  472  833  397  221  263  44  628  840  559  959  415  218  34  90  473  989  956  406  134  152  232  520  219  896  863  383  225  656  818  250  761  297  145  537  873  983  373  950  380  67  127  879  
112  862  340  356  393  705  455  71  795  270  782  717  581  466  210  199  672  897  797  597  102  190  104  128  264  702  924  10  248  704  870  925  253  547  672  916  653  420  722  394  29  698  112  445  987  736  21  430  484  590  45  625  610  940  544  963  613  917  98  308  915  451  207  443  810  557  156  432  329  290  904  754  319  896  122  86  347  846  356  240  850  570  469  9  616  32  245  694  821  839  9  689  233  841  30  94  498  0  642  547  
305  360  438  12  245  516  39  323  976  424  676  233  94  513  354  347  691  332  187  644  652  778  678  307  613  14  520  697  234  15  527  225  706  521  694  828  637  826  949  904  70  820  360  300  731  134  0  163  177  927  95  594  149  376  517  640  797  52  511  9  525  544  431  878  30  89  454  373  704  158  582  65  520  171  141  198  525  862  603  155  973  530  588  868  932  774  49  194  228  946  705  434  128  885  381  367  242  453  434  836  
493  300  71  810  68  779  357  490  681  102  143  104  490  427  543  237  438  993  448  47  158  937  410  423  934  115  863  974  618  632  524  837  941  559  76  448  573  775  958  925  811  600  47  847  630  158  666  610  855  827  652  602  879  503  548  517  476  350  199  369  379  151  682  707  279  421  408  389  679  388  604  827  446  777  216  443  156  798  507  998  946  673  898  527  459  832  797  719  365  515  970  779  191  693  47  683  901  224  976  559  
414  213  641  328  439  973  470  400  448  159  790  623  627  214  405  395  310  814  320  755  534  956  468  616  811  551  247  888  227  678  744  657  14  966  835  743  793  360  468  514  822  638  141  887  320  984  843  16  724  896  706  67  987  269  960  796  780  208  527  656  582  617  196  327  387  4  133  13  624  902  296  821  890  758  486  194  754  490  766  76  425  543  149  811  774  860  220  971  476  532  690  45  217  670  872  701  153  971  371  285  
186  907  460  630  415  236  180  933  24  568  947  50  609  113  7  665  246  116  98  162  120  344  532  403  601  929  463  736  676  565  74  636  384  458  429  383  563  682  419  60  267  597  694  350  720  986  484  198  981  81  662  836  317  775  202  663  794  990  518  458  672  440  541  862  425  145  7  886  769  775  136  387  898  295  690  420  234  260  334  665  127  926  198  148  469  933  270  605  311  833  57  529  809  104  976  350  814  722  357  950  
173  709  54  933  630  664  421  872  643  206  171  532  778  273  892  280  686  247  990  225  796  830  964  768  420  120  16  969  326  315  332  235  915  344  121  223  350  933  297  687  463  377  966  356  967  364  150  227  331  353  894  534  295  832  827  363  723  204  775  683  859  606  465  737  808  356  213  348  260  594  243  579  906  843  212  885  844  148  702  690  991  181  872  929  849  149  497  974  515  321  116  647  241  864  541  356  998  782  807  273  
92  75  574  306  745  912  335  850  757  45  472  231  984  721  490  61  664  895  507  517  88  730  776  218  709  717  847  817  418  850  682  962  843  980  224  559  318  242  365  160  621  83  706  312  624  849  183  799  576  940  205  269  895  868  912  496  322  353  2  314  688  866  835  451  564  737  779  670  382  776  498  146  617  18  550  999  685  664  100  987  268  814  211  633  90  698  673  892  581  712  209  405  284  805  476  575  684  630  756  907  
214  379  968  437  700  766  441  370  970  954  308  589  857  626  256  652  950  488  63  955  402  30  529  549  922  812  187  107  735  998  687  59  848  849  941  941  683  339  295  68  779  276  403  280  866  533  569  300  40  355  492  553  164  95  910  430  855  253  619  954  256  247  791  776  577  814  772  470  353  517  260  554  379  937  949  888  868  913  810  157  786  934  86  441  895  318  651  765  141  860  481  841  460  188  818  504  174  565  49  163  
755  135  683  382  776  766  799  819  571  219  807  865  921  173  560  488  457  929  925  404  609  451  943  980  14  784  818  110  481  386  881  385  100  519  954  246  189  134  947  675  569  246  475  333  682  549  614  450  395  458  25  41  608  137  515  814  50  696  684  862  88  698  383  715  897  359  595  564  830  949  272  221  141  64  892  598  239  106  733  994  43  167  424  870  556  191  745  348  773  0  676  52  845  104  119  174  62  260  770  782  
575  368  967  596  809  844  564  951  934  511  312  221  453  762  465  489  715  67  387  250  459  229  5  612  638  664  854  134  486  915  637  807  44  362  646  757  897  997  896  620  330  696  547  135  812  296  551  933  271  729  999  539  647  585  764  27  646  959  847  222  701  646  214  619  393  528  488  228  450  329  739  9  846  217  538  667  53  301  485  7  829  171  160  164  726  608  966  347  152  489  406  803  704  346  347  262  530  229  921  540  
248  490  971  898  384  623  210  246  643  733  584  401  682  864  547  641  356  944  516  506  498  640  743  857  3  611  293  61  211  334  429  2  838  989  322  555  579  766  742  915  515  524  612  49  129  833  562  342  987  388  605  451  926  978  791  83  289  436  947  107  24  749  409  786  16  559  533  49  642  529  634  408  769  998  436  377  821  804  539  197  930  800  187  618  42  227  505  110  743  3  88  843  29  441  800  231  804  186  112  878  
427  868  59  710  439  711  46  447  268  93  777  997  395  535  364  412  177  222  537  462  144  723  319  755  638  595  895  414  851  691  359  808  185  788  251  180  172  634  692  582  192  15  337  856  850  447  266  203  703  319  803  446  728  727  877  150  23  977  256  451  419  726  349  258  200  684  65  20  842  581  395  474  687  478  966  171  652  218  185  269  440  475  252  451  797  917  582  809  892  375  241  785  136  614  943  8  707  160  574  491  
773  506  630  768  588  551  188  746  981  933  919  76  951  317  751  345  64  799  773  670  202  584  982  437  253  913  233  815  504  325  16  428  922  814  267  130  459  917  231  568  408  316  590  214  402  594  952  211  416  242  352  387  939  248  729  179  407  218  831  521  26  38  426  957  117  246  740  566  391  196  4  242  121  740  987  22  836  21  740  206  454  667  489  322  676  716  608  966  522  988  948  196  469  864  664  159  265  892  830  623  
822  561  966  124  317  439  954  456  129  746  6  30  865  92  685  601  474  919  486  3  496  973  149  115  141  622  86  593  267  373  973  433  867  863  457  817  824  129  15  529  365  30  842  406  995  90  736  11  31  157  31  5  112  295  711  657  798  364  729  997  598  381  525  0  450  411  50  22  613  496  813  347  68  964  580  67  712  481  157  716  136  723  704  506  828  791  299  517  860  639  292  960  430  272  265  616  231  552  635  743  
769  7  545  252  970  929  601  321  301  284  113  713  826  909  100  651  800  361  912  760  259  659  892  133  705  249  446  637  510  963  610  439  287  546  855  15  99  736  412  955  406  825  504  740  543  205  247  47  681  978  424  151  983  754  963  993  920  78  432  572  227  983  963  3  460  500  499  392  419  805  370  22  422  979  150  51  493  113  310  440  563  187  401  735  28  202  271  208  418  794  291  696  402  416  400  678  483  298  105  779  
366  677  725  774  345  333  303  521  158  269  875  43  17  147  981  675  158  407  675  381  304  592  867  812  263  27  679  933  665  585  588  812  937  555  387  718  252  733  142  26  960  828  668  164  559  741  152  654  889  84  172  741  353  365  211  598  406  795  83  796  265  787  201  904  206  4  583  475  755  845  545  106  669  930  549  62  506  765  920  182  594  341  101  220  951  526  144  850  163  165  937  199  696  141  108  593  458  43  773  216  
217  762  890  597  427  476  104  710  382  126  559  567  163  351  218  941  22  717  230  850  186  572  140  913  833  291  185  77  97  676  226  34  115  456  549  607  460  109  419  943  942  182  546  627  977  325  823  157  595  703  360  756  887  740  160  959  321  457  291  143  519  412  785  357  452  195  656  997  758  682  377  350  695  959  445  247  376  492  625  720  801  720  628  690  910  722  921  252  356  179  768  803  417  398  950  997  560  239  549  554  
628  982  255  15  388  351  764  552  365  263  547  282  709  484  804  802  699  649  500  77  869  461  866  165  633  479  798  837  69  16  265  490  138  13  144  645  122  8  418  865  370  994  569  861  459  127  885  847  339  525  787  742  64  66  293  2  916  234  324  450  492  874  592  169  275  116  960  94  412  95  460  222  37  570  327  440  950  325  819  29  360  659  189  58  370  48  991  484  111  571  572  167  164  145  462  803  637  230  395  75  
711  392  414  443  792  594  226  325  59  409  481  904  711  39  283  119  967  481  778  225  652  783  778  857  503  656  190  140  947  648  878  227  470  831  988  996  504  574  421  249  701  137  653  357  581  980  763  782  26  435  236  356  505  746  763  732  201  205  366  65  345  909  755  360  886  48  930  54  674  11  316  888  960  159  721  934  660  70  392  758  120  144  47  729  936  918  170  396  399  658  400  540  211  833  81  758  907  183  315  227  
840  421  580  941  937  728  146  849  337  513  182  209  340  69  335  116  311  97  475  868  604  780  248  763  109  809  745  563  848  455  980  921  808  79  320  213  492  641  412  745  385  882  354  899  403  806  298  865  144  543  731  16  717  448  404  361  858  104  497  657  161  822  681  403  509  181  780  196  708  876  162  482  742  381  399  50  0  47  402  797  937  803  428  446  206  64  38  154  136  379  492  941  347  870  862  621  794  891  548  133  
126  14  105  280  574  997  985  656  728  764  68  738  733  505  452  608  274  833  955  611  610  445  782  402  298  445  926  35  221  342  341  461  117  995  285  936  235  870  76  946  486  313  508  822  879  662  447  667  421  527  455  750  972  298  579  221  561  341  286  714  648  578  834  727  86  823  362  692  107  661  317  115  935  114  918  364  333  421  975  882  333  758  190  321  547  623  216  434  740  307  618  516  297  98  479  721  277  446  484  594  
688  21  503  552  182  139  13  96  162  203  450  338  171  801  339  551  569  399  584  276  984  3  22  823  563  458  425  837  293  987  406  677  616  826  502  469  120  87  974  95  889  466  796  711  205  518  892  876  43  391  104  624  977  913  262  182  290  951  307  823  522  860  741  457  422  753  782  301  456  852  29  355  40  161  471  28  471  528  723  652  381  794  338  226  594  273  797  445  97  44  849  724  385  115  269  258  845  909  868  645  
523  244  94  714  874  26  513  894  484  482  189  787  859  245  436  141  360  135  600  696  870  829  743  536  133  438  82  668  19  331  811  368  301  548  220  654  971  57  709  225  697  297  869  709  969  267  458  342  806  23  115  499  764  135  634  951  11  375  623  4  795  126  0  556  865  928  525  333  655  418  31  560  761  778  233  199  364  448  934  744  689  964  242  643  39  925  213  700  783  99  730  196  577  963  461  91  531  180  739  82  
730  442  132  16  537  439  931  19  974  577  318  161  812  244  984  906  691  772  700  563  212  926  397  338  312  428  24  609  57  228  243  313  184  909  279  813  148  597  776  895  500  857  717  643  948  161  899  326  668  631  620  402  671  197  717  945  806  736  917  627  604  260  960  423  317  61  356  962  783  488  459  806  835  324  55  730  773  400  965  74  790  322  903  259  883  617  485  581  246  128  462  77  530  664  200  334  893  961  767  716  
710  356  730  221  317  935  225  739  250  646  75  946  645  794  812  955  852  489  163  259  940  395  33  91  991  12  189  452  548  570  421  470  516  333  535  534  943  429  478  490  919  565  16  298  781  259  252  285  392  0  433  733  972  842  41  840  662  323  724  788  798  830  9  598  917  118  455  966  982  51  882  427  449  98  538  519  354  239  197  654  312  794  300  393  66  859  666  737  876  251  809  962  375  817  143  974  606  621  510  906  
540  580  538  289  628  1  667  371  296  660  978  778  219  794  79  633  74  401  17  930  276  22  295  674  979  237  788  378  851  284  608  765  79  501  560  65  675  990  888  228  123  846  975  172  890  782  688  419  912  65  393  974  947  770  628  344  62  497  11  943  487  729  256  763  633  369  362  198  994  13  444  453  375  632  464  546  988  672  417  738  936  622  574  634  596  617  530  577  860  134  160  937  126  190  491  152  984  852  644  134  
950  305  93  226  289  486  226  141  51  45  415  706  950  661  252  265  620  984  502  439  329  850  527  836  533  344  85  256  182  379  256  298  27  520  869  263  395  109  664  228  635  362  302  992  358  577  856  680  223  931  964  328  162  257  437  971  384  268  842  840  561  329  612  297  308  748  881  48  170  744  966  185  929  425  730  294  356  374  517  187  64  142  95  887  57  438  413  283  546  556  822  162  84  851  907  21  158  971  949  426  
442  620  145  552  968  255  542  370  916  57  248  165  963  357  676  160  595  365  67  887  928  877  948  900  898  36  466  731  348  639  917  0  960  268  172  159  869  896  472  71  347  589  499  580  485  852  87  503  493  178  236  213  13  258  897  49  233  776  916  406  555  389  812  133  14  508  515  320  12  815  786  449  107  559  988  801  578  254  196  841  105  619  611  78  446  585  961  509  124  868  357  659  302  889  903  687  522  961  899  415  
56  482  824  396  553  482  790  891  741  465  55  808  188  785  788  161  822  181  952  244  39  203  65  326  106  223  322  369  918  870  870  890  390  588  432  660  529  274  166  132  194  615  243  354  739  290  867  752  122  769  137  362  430  802  373  211  234  891  289  640  751  567  186  274  169  560  332  918  888  68  598  617  390  726  909  578  88  33  485  32  942  355  697  236  900  748  787  213  611  161  776  990  146  953  579  934  437  20  697  628  
856  251  212  549  117  400  569  620  897  723  789  620  180  181  324  541  7  445  346  16  984  797  898  961  905  336  355  352  192  298  363  428  799  276  460  893  834  978  843  196  232  779  271  713  363  669  398  873  250  834  907  402  886  507  156  532  602  567  552  157  171  535  942  417  247  858  424  333  122  672  62  830  899  869  895  611  229  669  843  100  601  390  516  709  673  342  402  714  135  130  973  265  892  432  61  687  197  57  510  928  
248  398  648  679  668  886  842  477  550  514  262  178  912  270  224  445  484  764  304  114  446  413  615  463  519  407  22  282  326  526  281  547  201  408  875  105  297  906  843  436  867  216  572  463  155  941  163  992  339  7  889  573  290  157  144  484  160  233  931  863  652  692  206  122  488  266  244  202  389  531  79  68  560  515  689  431  318  15  841  632  972  300  938  16  758  510  246  204  817  129  736  40  941  224  383  200  162  512  350  357  
211  872  368  17  968  191  473  839  5  401  39  849  920  551  399  560  976  371  893  106  657  165  259  179  140  373  882  210  202  430  711  62  657  658  36  518  720  351  839  458  284  286  168  657  125  293  356  167  243  456  719  931  218  528  654  403  260  191  410  372  13  447  921  769  634  295  494  927  699  857  553  732  647  163  937  610  543  464  373  579  187  370  274  938  224  214  639  532  651  35  948  969  559  752  993  859  178  994  667  874  
518  904  761  529  107  91  828  432  737  972  333  487  771  676  721  4  304  10  87  170  947  885  771  438  387  374  211  78  532  304  838  409  684  151  396  237  754  522  591  569  552  207  713  687  481  162  585  93  821  825  101  961  178  63  563  183  589  643  866  392  950  148  227  432  514  12  77  532  865  325  430  287  927  452  293  608  24  161  724  633  676  144  740  630  843  71  792  431  634  660  811  580  219  187  990  877  203  721  770  731  
764  704  667  878  923  607  357  92  196  4  56  251  401  769  871  795  498  649  415  819  390  493  707  726  151  984  764  642  292  91  997  701  936  261  300  188  535  979  332  337  97  240  320  600  95  681  507  94  259  120  899  495  244  842  211  698  446  623  407  459  472  822  275  582  79  90  892  50  648  566  160  898  451  688  481  131  323  140  676  538  921  24  168  174  528  919  986  445  924  301  462  158  604  366  823  898  582  579  487  767  
201  754  915  146  910  496  822  425  888  718  654  659  538  214  867  253  408  608  339  57  189  717  858  740  75  831  719  477  882  75  570  669  495  572  346  336  774  445  379  766  403  43  972  893  17  237  710  575  237  81  921  356  85  740  9  924  554  309  29  875  237  734  912  777  230  304  776  629  807  955  772  973  623  895  139  565  826  353  935  905  150  341  777  113  864  461  542  656  309  371  406  201  693  169  541  15  161  650  219  334  
989  172  614  315  448  533  431  589  425  319  538  703  940  394  87  164  682  228  301  757  103  751  54  89  508  111  302  290  252  718  445  48  84  582  724  492  932  619  156  595  450  915  481  13  182  818  374  273  751  182  771  175  900  300  929  137  775  621  109  951  796  984  83  461  368  101  218  756  597  419  637  410  161  831  122  358  157  379  891  700  283  710  690  897  129  853  258  428  451  214  816  513  213  956  913  619  653  356  812  990  
767  203  800  150  866  714  360  471  152  335  931  298  627  241  393  424  474  655  870  926  571  758  587  837  394  398  482  837  640  199  239  518  911  677  103  547  849  557  712  715  25  899  15  421  657  826  921  415  874  927  25  851  994  642  344  39  208  905  331  592  859  123  174  394  344  558  319  821  218  94  53  472  676  579  150  427  306  5  816  28  334  879  943  32  222  485  749  75  194  451  240  846  723  371  446  708  247  482  491  921  
905  168  987  271  966  75  467  815  234  111  145  592  713  988  356  591  33  459  821  20  941  814  269  404  556  900  641  568  928  805  313  642  107  464  182  895  762  823  633  125  158  555  200  170  976  122  107  390  425  281  93  247  132  799  934  463  155  329  293  564  325  691  459  243  2  801  331  162  37  811  789  73  264  798  33  908  478  757  849  376  737  51  944  239  740  875  174  834  866  262  221  538  597  792  214  242  971  912  133  853  
963  730  59  32  525  707  305  811  176  104  770  689  597  340  874  249  128  412  755  257  590  672  102  206  530  456  646  515  906  896  256  395  479  474  942  972  154  951  323  482  705  33  954  805  408  960  311  169  597  479  455  736  668  818  787  30  505  286  902  816  740  917  800  553  29  373  116  475  9  76  564  463  382  547  956  545  840  387  244  498  710  752  398  131  278  177  608  220  341  528  44  966  291  948  258  235  123  897  335  720  
800  977  750  595  834  465  941  583  672  866  963  217  248  275  822  311  122  16  321  172  874  560  66  802  980  88  977  76  538  864  988  543  417  631  991  341  442  497  865  309  884  649  3  938  478  227  217  854  570  755  554  571  718  348  869  735  44  414  361  313  880  639  935  12  994  348  715  359  281  861  924  534  160  955  701  609  685  654  492  374  860  495  728  565  322  814  232  785  77  753  927  246  369  490  275  883  221  284  252  262  
948  938  810  14  632  788  319  665  849  495  875  34  866  623  126  22  709  227  105  276  789  45  446  247  976  109  477  409  744  290  96  653  55  428  6  9  576  768  556  102  877  281  354  798  866  832  961  857  144  287  122  892  910  519  2  695  506  172  953  896  277  562  930  617  605  295  117  115  220  45  600  574  397  81  268  358  767  677  716  979  602  150  440  805  782  323  23  106  554  947  939  158  42  561  94  326  171  799  827  321  
448  52  63  403  694  756  455  551  140  842  651  880  404  44  391  516  799  395  986  614  341  886  711  358  218  730  473  151  340  272  484  149  96  763  94  105  76  516  173  451  727  540  122  267  765  653  394  3  663  909  390  269  439  728  680  452  417  434  518  953  924  614  131  677  720  725  80  350  106  558  178  368  867  318  765  457  47  373  807  648  416  413  999  179  299  183  195  84  586  340  993  56  552  68  998  116  548  591  938  308  
381  126  876  345  388  117  553  509  918  279  80  222  416  910  521  118  213  469  796  371  523  244  151  567  188  312  895  494  792  252  878  207  632  0  613  618  845  860  361  716  807  97  930  426  202  628  145  831  370  440  767  83  111  767  682  275  755  748  370  495  961  240  170  165  152  640  707  399  868  111  650  834  206  45  449  366  297  852  754  309  509  858  32  722  522  192  160  592  914  838  717  100  473  144  674  976  64  289  663  796  
780  267  414  667  206  392  56  175  451  385  57  338  156  312  570  99  312  939  437  425  532  40  138  863  221  807  368  132  453  569  136  710  753  403  307  618  531  423  340  922  675  415  856  299  912  582  602  754  549  125  643  43  902  607  71  574  545  210  10  206  394  251  73  215  943  12  805  796  634  572  665  898  557  971  717  436  927  344  164  827  948  106  800  922  764  175  718  140  42  60  427  994  252  874  133  93  266  97  822  124  
863  516  387  19  781  592  180  544  125  330  340  819  155  756  615  585  720  148  571  685  898  66  703  140  358  27  177  675  990  159  212  655  469  835  302  841  918  355  719  716  901  360  477  748  509  34  61  725  761  754  76  861  950  639  779  519  829  227  201  725  135  776  650  721  449  685  349  632  22  295  260  92  292  702  636  316  70  677  972  314  465  781  403  440  323  319  458  344  597  516  752  623  337  547  628  45  630  877  845  340  
8  889  726  907  661  543  797  54  722  251  74  699  668  225  373  123  787  407  240  843  633  555  92  6  296  265  319  993  833  489  490  818  264  284  793  958  693  33  412  774  702  400  603  989  687  81  6  200  708  962  986  731  909  244  183  60  264  297  838  830  925  60  216  37  162  700  498  768  367  950  661  712  980  718  129  771  366  459  346  917  760  828  810  949  806  371  78  503  821  116  309  483  7  785  91  41  610  654  764  654  
944  132  347  24  481  140  634  531  740  553  380  221  69  618  686  612  0  387  189  170  763  168  345  834  138  189  414  834  172  573  475  956  59  877  667  923  617  707  945  174  397  816  177  548  581  960  346  229  574  194  191  569  151  248  549  279  899  197  646  228  860  533  187  222  109  222  505  755  488  89  19  187  231  749  357  127  566  168  352  244  612  419  169  696  411  777  677  888  85  627  399  939  86  275  737  743  225  83  841  598  
163  482  474  780  51  602  60  256  939  185  774  141  536  761  264  643  956  558  117  343  645  796  853  36  175  803  416  748  188  912  502  567  268  81  844  558  431  524  970  925  655  468  23  171  987  946  813  695  798  300  546  552  991  836  475  353  793  856  709  704  42  689  326  402  904  410  261  109  815  79  242  992  752  31  56  587  988  272  47  343  734  678  566  449  662  231  686  672  297  318  114  224  942  609  955  235  35  218  855  828  
318  335  545  63  337  854  164  72  228  888  152  902  526  400  568  340  310  609  770  972  291  497  885  968  60  574  457  703  146  172  120  896  929  328  707  925  933  547  111  399  690  310  430  698  251  815  41  453  332  46  211  281  395  694  385  75  257  963  470  56  911  476  643  20  451  613  659  623  778  277  637  44  639  494  51  198  106  462  711  850  580  849  853  364  342  937  475  671  977  803  156  380  656  991  733  277  961  380  47  151  
763  181  715  490  658  732  675  663  261  690  237  61  313  632  779  999  166  60  165  5  855  156  921  286  359  512  824  351  895  943  649  842  740  337  819  326  157  340  196  447  890  398  79  338  527  621  498  48  728  550  245  732  144  552  358  714  858  20  90  829  296  380  430  557  417  925  252  676  756  410  520  228  179  846  938  559  692  261  718  513  793  424  583  350  367  172  610  844  539  678  166  716  808  909  442  379  966  3  991  295  
564  465  948  953  38  943  537  214  985  405  19  336  971  592  341  895  160  540  528  16  640  747  265  520  772  823  481  64  871  482  26  188  313  183  532  401  917  708  800  411  765  383  412  536  228  194  877  693  329  620  723  43  275  61  702  221  8  94  950  880  544  59  976  479  454  958  916  954  326  402  19  75  825  376  854  494  62  761  954  866  268  952  432  879  778  259  329  686  407  782  830  719  69  588  893  324  647  188  735  856  
684  828  767  226  780  364  997  652  31  17  529  395  437  708  963  114  880  678  510  23  973  107  261  546  122  1  61  966  265  859  275  965  290  62  335  500  751  375  133  752  761  254  612  283  649  44  16  799  272  365  706  158  207  209  823  707  779  245  805  537  400  984  146  79  750  357  327  468  777  613  786  852  714  886  353  383  603  3  882  762  944  633  712  861  585  812  671  288  332  308  408  947  71  919  817  200  155  764  948  847  
412  825  439  646  157  922  83  979  112  71  406  247  187  144  508  305  958  95  890  324  697  619  155  214  939  652  219  86  20  824  809  840  860  609  25  913  165  392  807  562  35  994  288  163  453  189  834  13  363  64  644  171  238  517  552  302  31  387  501  276  503  844  954  573  662  767  788  857  728  683  136  777  569  538  556  8  865  189  63  390  323  657  785  162  183  694  549  584  215  800  212  862  327  132  699  991  326  385  500  107  
169  360  314  371  582  449  157  636  229  699  278  592  915  528  669  283  640  75  230  264  521  887  626  281  32  525  393  805  503  305  276  17  787  610  561  686  781  596  481  890  708  276  539  86  102  559  427  147  78  55  389  26  591  483  803  247  822  458  879  369  237  140  874  105  300  629  986  372  282  319  458  934  634  555  43  93  761  587  96  463  939  127  760  937  301  674  197  830  157  40  993  536  517  222  288  429  367  878  520  1  
66  766  77  476  339  540  129  712  455  272  256  314  724  822  2  450  624  686  930  88  41  778  59  933  843  196  651  163  568  513  127  34  129  277  237  33  243  348  889  453  661  226  767  240  966  193  47  25  115  453  983  19  70  141  362  21  690  87  206  351  187  856  684  843  874  512  72  959  374  566  552  222  38  885  369  717  555  34  156  777  723  825  640  362  232  883  489  708  623  430  751  499  835  697  833  96  498  979  384  892  
904  831  832  831  151  581  433  142  80  944  84  583  795  399  361  66  283  99  613  206  965  212  800  180  14  752  404  732  316  489  834  531  61  90  527  614  996  526  932  269  994  877  963  558  648  995  397  205  947  494  976  558  529  117  54  351  751  232  913  172  85  888  778  72  353  11  721  492  456  883  150  104  715  893  830  164  278  745  185  969  916  395  616  184  830  116  165  622  754  765  682  540  912  594  91  631  168  263  640  40  
679  754  202  890  457  644  623  162  96  893  1  800  26  747  712  210  617  775  688  127  475  364  773  639  162  716  523  372  742  641  18  4  142  893  526  902  406  399  892  503  291  91  817  88  657  484  805  158  165  424  580  757  390  208  861  594  302  35  212  868  503  478  690  397  761  106  412  107  784  273  505  277  730  110  884  588  829  73  770  25  943  292  749  109  192  478  759  424  393  609  739  273  80  81  741  703  211  19  697  794  
162  183  824  785  785  460  168  577  875  71  715  126  2  504  631  913  195  889  478  510  167  203  99  33  979  214  789  69  481  13  961  792  175  652  247  326  885  360  503  385  749  569  100  970  835  142  526  950  716  925  510  768  803  221  154  343  285  962  936  364  334  812  639  418  205  805  737  802  802  677  254  425  808  996  850  905  86  75  477  265  903  351  371  826  1  331  2  903  899  632  721  175  879  116  185  587  335  565  835  390  
371  352  696  302  449  755  912  30  966  435  282  213  832  138  234  23  230  432  128  965  103  933  277  843  7  81  377  615  688  112  368  449  133  709  955  835  450  978  402  54  807  433  263  998  635  139  62  539  381  778  232  134  550  596  31  492  219  767  612  346  286  827  172  853  107  201  609  100  720  710  140  5  38  315  712  152  965  173  483  52  716  380  422  812  981  738  419  926  614  505  469  800  148  433  219  303  954  870  207  677  
264  90  587  422  407  588  507  263  952  860  981  332  100  513  445  181  430  794  853  340  805  813  666  557  342  815  218  794  102  417  337  394  140  659  298  334  389  23  146  368  449  461  953  208  779  567  338  748  159  192  530  435  459  461  285  662  96  848  451  51  666  925  882  744  946  268  949  488  325  250  986  869  61  867  490  579  957  984  945  317  490  528  717  214  765  575  43  909  93  608  149  702  98  192  911  257  692  985  177  482  
202  983  879  12  678  715  788  90  93  961  374  532  429  144  306  258  63  573  480  8  299  372  497  486  755  125  453  683  856  255  521  790  168  499  653  824  882  312  820  801  128  14  324  781  946  425  14  203  156  508  239  770  205  511  373  912  952  871  69  769  64  993  761  288  933  987  664  21  195  966  445  867  713  227  833  493  991  809  491  284  904  416  630  583  551  238  532  112  54  892  102  719  418  700  189  141  650  953  987  87  
430  834  915  741  669  908  703  326  758  43  271  146  216  301  807  44  581  20  106  681  937  758  523  441  41  43  570  417  998  698  347  851  368  943  634  99  799  165  3  758  93  20  606  305  896  135  295  499  419  310  507  16  780  675  103  172  968  570  795  776  379  249  796  995  172  498  311  344  228  762  896  80  855  999  746  876  539  362  650  826  981  350  508  97  644  5  791  186  565  838  284  533  725  68  241  773  605  174  957  825  
911  190  892  456  7  977  49  72  413  730  475  227  191  187  152  951  372  705  511  945  979  370  618  149  969  398  392  188  169  767  40  122  205  503  369  378  731  813  519  497  964  851  807  324  14  398  900  87  872  59  410  676  421  683  264  739  218  611  347  196  554  354  317  734  202  471  932  715  198  727  654  26  833  88  442  448  212  797  826  381  246  783  478  575  489  436  298  957  605  30  863  857  206  450  38  434  993  972  336  101  
20  204  316  856  218  879  280  44  630  92  368  748  303  616  829  22  66  705  460  116  430  100  839  79  496  868  81  962  294  528  243  390  825  447  612  879  387  154  429  866  128  326  698  329  218  804  548  189  748  327  907  359  32  34  721  795  524  851  282  793  126  784  191  625  448  60  82  650  880  70  636  288  590  415  346  584  856  246  142  425  427  825  298  336  903  266  119  783  717  628  971  436  541  784  457  242  383  280  795  574  
227  487  930  344  573  924  830  716  432  129  961  84  171  892  933  820  640  577  758  225  409  2  610  23  182  292  77  333  529  967  274  959  299  346  307  760  727  640  857  954  596  515  575  972  672  211  817  430  671  315  474  660  971  121  507  909  541  808  159  487  330  908  915  880  514  553  627  491  585  575  719  622  200  878  125  156  806  891  529  859  583  508  463  324  463  230  392  979  808  272  194  450  158  939  10  694  36  544  22  597  
344  582  917  491  913  495  575  760  129  126  673  879  821  504  304  373  193  484  199  660  760  575  884  556  601  208  76  581  542  101  751  859  654  281  966  446  866  419  633  4  117  235  725  774  36  667  754  468  957  863  875  886  851  355  495  728  127  128  732  496  203  443  627  143  953  306  550  722  496  364  582  869  526  451  866  851  513  784  257  315  319  260  640  522  629  591  735  306  468  951  590  412  656  342  182  871  19  631  690  756  
711  951  371  541  384  677  507  210  487  701  873  40  979  735  267  639  809  190  866  342  733  144  287  709  833  441  51  102  146  444  364  312  562  319  188  658  87  762  860  113  835  252  629  102  533  410  519  703  636  677  914  712  772  335  874  446  721  849  104  792  648  636  563  162  693  114  957  567  847  688  145  602  824  611  235  449  969  947  376  207  834  161  300  813  630  112  115  860  45  571  247  545  155  835  504  861  773  123  841  976  
652  618  783  210  883  564  325  221  963  894  122  874  549  220  396  311  7  744  678  370  632  449  813  421  957  470  216  798  942  989  22  849  635  565  745  380  503  332  608  815  687  910  458  758  652  611  550  484  507  939  696  349  830  600  326  537  252  376  936  616  59  542  126  518  894  580  723  85  89  967  839  889  49  687  291  988  145  834  46  959  383  284  756  753  725  708  901  591  907  958  44  208  857  936  174  284  138  428  514  233  
701  105  680  105  573  630  682  699  456  37  527  452  469  191  374  162  806  161  32  613  541  723  230  858  59  953  233  861  964  968  809  435  646  838  637  42  767  470  985  781  790  375  118  447  82  297  435  683  224  347  593  94  304  371  668  474  830  883  405  743  766  316  76  680  712  994  115  592  188  572  446  167  943  246  431  277  939  125  278  377  116  438  293  638  15  371  481  27  709  963  236  109  885  589  328  324  136  537  254  551  
822  651  524  708  350  141  845  144  442  967  995  319  305  798  47  1  726  326  737  562  173  765  283  59  86  550  271  322  690  670  353  331  98  775  784  297  727  671  622  846  701  508  262  58  712  62  333  699  984  537  801  226  273  597  214  694  915  844  223  135  841  119  610  392  989  117  572  682  56  809  172  786  798  831  12  950  776  548  929  305  643  351  219  168  14  103  832  456  754  2  940  239  698  758  27  683  849  888  446  538  
858  0  276  744  851  61  8  591  139  34  584  198  18  4  70  696  48  687  111  439  981  164  152  829  600  721  937  151  243  309  498  238  123  598  401  180  78  441  726  72  21  525  126  525  113  661  555  413  106  672  493  245  594  687  841  598  735  850  695  560  672  759  74  42  407  16  81  346  549  104  138  37  819  738  382  564  380  885  712  324  864  936  95  352  51  998  450  421  645  390  507  194  874  738  644  282  449  546  518  287  
530  757  153  620  153  859  606  175  487  961  888  745  431  793  936  195  590  510  432  992  267  265  791  585  927  995  571  561  862  408  421  477  443  580  198  711  130  37  408  472  846  348  159  295  971  433  774  403  398  426  309  304  472  647  496  761  729  477  164  187  217  846  658  690  842  986  574  227  130  844  849  836  277  338  690  107  599  530  499  346  790  382  143  276  718  4  66  407  286  381  745  606  487  728  545  513  709  826  539  651  
918  763  388  136  784  792  155  241  767  185  492  838  252  911  978  254  257  548  833  374  264  558  56  76  604  433  197  854  583  40  171  276  34  120  527  399  283  129  224  132  977  858  765  553  883  32  336  267  878  571  120  386  405  613  804  521  539  783  515  565  188  417  769  18  937  398  532  589  626  402  453  897  454  569  721  545  838  854  55  631  368  308  476  927  912  636  826  275  856  364  751  475  959  16  402  280  8  576  632  126  
985  510  589  20  796  394  230  481  867  60  458  461  580  805  673  729  284  242  821  524  560  14  77  466  6  410  281  747  890  972  407  918  829  610  179  136  295  633  718  381  501  110  870  914  678  952  611  36  247  568  457  584  342  175  553  800  380  418  106  519  172  348  405  249  256  369  646  258  634  922  62  618  808  921  173  257  521  938  917  764  652  829  458  244  15  412  558  480  485  421  57  823  393  573  733  956  927  7  767  502  
738  16  906  818  560  16  653  263  121  408  637  310  590  602  189  156  343  673  105  918  981  814  643  184  574  436  396  570  814  129  60  87  875  409  533  443  385  48  641  560  811  84  317  437  19  413  205  892  57  130  966  702  288  41  434  54  254  891  198  398  266  746  496  362  207  135  4  95  671  140  334  991  427  571  537  109  702  369  966  287  922  235  441  197  474  179  589  548  630  639  687  631  117  150  591  634  13  360  11  972  
766  417  471  66  36  689  727  810  371  899  333  322  741  408  829  949  207  335  85  463  146  20  426  670  172  218  894  325  47  982  182  989  154  482  592  650  499  98  697  456  94  606  36  417  303  68  359  44  387  138  696  282  716  997  253  32  748  913  600  501  761  598  865  399  631  491  933  334  219  977  781  500  155  351  953  79  267  173  355  93  730  431  841  707  115  0  210  458  919  280  105  158  488  372  711  140  881  937  827  920  
377  124  205  512  662  376  928  857  454  333  805  932  144  426  60  396  561  904  766  894  667  818  334  533  712  852  277  162  276  615  981  125  704  694  773  778  851  792  43  642  315  90  745  661  57  952  670  825  786  688  60  218  426  220  465  382  420  570  943  347  20  489  743  576  333  586  379  957  822  857  280  151  47  526  874  924  185  900  553  839  476  662  138  529  186  25  145  829  672  10  329  709  461  76  934  718  3  717  521  701  
323  327  787  828  813  926  933  702  140  731  564  890  584  820  562  423  989  637  103  773  473  527  199  723  803  443  380  555  823  876  604  102  910  494  534  37  274  183  422  877  55  992  576  862  572  775  849  840  41  725  600  627  803  231  692  393  283  83  783  890  204  521  888  36  619  283  423  677  153  539  81  615  172  303  43  934  572  115  99  945  161  404  873  18  81  516  157  460  799  679  283  688  295  873  737  44  198  562  289  89  
463  439  953  439  512  133  608  383  115  388  907  524  840  327  286  951  480  268  422  870  604  652  2  409  588  480  2  105  907  341  656  676  432  358  27  137  855  262  515  364  798  406  438  479  652  257  897  102  979  897  978  213  502  229  706  56  670  186  56  542  527  139  577  283  479  798  939  833  94  628  80  691  264  341  57  181  664  86  32  867  903  864  591  4  754  646  614  74  857  283  663  937  692  149  439  66  432  498  69  292  
15  165  660  181  606  325  821  754  95  987  22  489  383  333  111  935  786  300  851  435  674  950  203  757  679  249  342  285  624  221  645  628  992  13  218  825  899  546  321  450  335  467  543  700  840  604  255  90  372  250  236  446  693  881  88  351  868  91  202  295  99  765  886  959  43  423  263  753  156  551  832  130  11  859  72  274  725  329  995  193  554  621  709  528  797  951  953  305  600  909  128  236  348  476  565  696  437  103  917  858  
948  402  517  892  551  6  747  717  355  616  206  753  338  888  618  765  47  723  731  169  877  670  411  146  400  0  790  299  387  82  66  263  264  973  253  222  855  976  599  250  710  565  46  476  478  639  415  944  502  594  330  706  296  791  847  355  82  995  77  508  223  123  226  453  924  757  788  355  919  790  765  980  25  468  117  880  796  55  569  798  519  473  26  175  526  46  25  668  158  562  478  439  359  774  543  16  691  519  821  143  
403  171  251  528  112  16  424  928  478  155  811  842  597  802  798  727  121  151  588  712  122  401  52  865  446  336  343  859  129  853  590  326  263  500  564  738  952  583  410  696  906  880  618  826  589  122  860  515  23  356  172  180  207  84  804  484  319  740  813  707  915  788  905  244  271  196  292  781  69  819  897  588  226  937  137  904  978  861  718  360  610  316  205  948  884  543  90  70  200  887  517  108  133  696  699  422  247  711  160  110  
346  961  343  872  692  722  404  536  761  183  896  411  272  720  492  27  691  189  713  322  492  596  236  498  194  653  375  126  587  546  258  97  699  750  545  305  155  768  7  631  285  548  544  174  236  382  660  230  72  140  495  892  262  16  685  128  631  590  19  618  799  464  800  465  413  236  291  482  915  206  278  369  267  383  584  855  25  330  281  1  40  423  542  400  732  886  916  162  807  769  817  557  927  958  950  579  868  24  985  391  
