

Matriz a(Execução Paralela)

894  115  917  925  830  572  973  798  842  744  593  224  480  110  448  115  540  953  744  985  392  434  567  749  101  777  487  983  595  649  264  406  804  480  872  816  871  39  701  121  49  908  939  381  445  674  577  388  444  506  942  57  64  760  409  22  66  380  110  400  508  67  108  803  456  721  363  154  279  885  763  293  13  850  783  335  58  814  777  554  964  817  871  473  431  843  939  410  631  753  512  711  13  726  664  800  36  595  362  854  815  451  185  726  76  93  480  16  496  78  586  963  126  98  670  551  915  455  95  854  184  830  273  575  858  479  327  529  222  521  642  265  614  939  196  592  752  249  995  564  102  318  481  601  376  122  7  804  517  216  570  924  265  551  654  13  224  643  94  722  321  895  38  231  693  377  568  952  927  515  530  801  374  681  257  938  253  100  671  703  315  938  727  482  438  31  634  789  75  844  9  616  224  410  218  219  371  683  809  529  
731  694  843  449  852  821  816  930  312  780  449  874  537  816  212  35  451  2  601  122  22  167  868  286  9  205  387  130  674  148  938  974  458  966  114  912  349  788  944  611  495  991  633  73  194  72  827  243  948  797  863  553  382  320  299  479  807  789  436  927  662  327  576  669  623  368  793  508  820  572  742  690  973  105  292  130  883  493  49  702  989  235  513  134  262  43  801  713  382  381  273  191  812  410  207  122  597  959  294  119  422  135  622  244  374  4  148  775  983  426  330  480  123  592  594  940  562  484  587  216  106  377  302  550  712  871  403  143  914  872  612  213  727  395  427  892  670  678  599  564  419  676  922  269  392  65  846  96  584  278  549  950  454  646  600  736  525  188  871  33  969  230  663  732  362  642  74  133  385  443  801  391  114  904  788  882  473  721  993  470  82  191  435  376  552  239  962  408  895  259  520  781  454  358  908  462  403  369  184  629  
522  310  892  562  137  112  741  546  338  949  144  937  636  50  576  587  531  121  112  11  787  537  51  382  244  858  222  823  415  428  766  416  927  395  294  753  707  753  73  304  288  96  310  262  819  762  106  290  587  183  487  396  229  146  449  416  553  281  577  68  610  239  203  936  139  191  434  658  189  623  948  330  917  199  224  601  970  460  203  705  316  278  825  536  896  74  721  799  0  4  986  481  935  93  89  195  554  693  957  799  946  318  401  228  511  197  624  805  126  781  776  420  930  665  285  427  697  877  573  791  245  714  52  178  763  860  558  483  320  858  601  916  479  722  694  488  608  758  844  983  850  271  452  159  457  644  356  472  27  695  635  125  484  444  691  666  857  263  172  230  833  393  564  406  480  222  269  107  349  423  863  874  683  343  77  398  525  604  68  20  619  75  629  91  913  568  627  470  814  785  760  607  730  286  346  217  168  552  531  946  
347  355  70  595  621  537  925  654  130  140  232  251  228  39  23  807  704  537  873  289  149  688  949  538  69  262  205  377  83  650  947  656  332  822  732  70  27  89  481  914  285  112  28  865  43  501  751  676  837  84  296  745  971  646  48  539  367  732  627  457  382  914  659  185  334  989  821  87  578  810  877  854  0  197  284  361  803  683  695  678  668  532  508  839  467  264  742  15  876  437  927  318  773  2  837  313  627  972  253  729  229  274  188  974  504  542  685  287  937  707  492  729  185  990  377  418  50  746  368  553  656  244  870  603  307  495  902  820  217  613  649  617  272  956  155  334  737  976  546  153  536  130  858  585  296  117  156  44  780  608  557  452  543  325  186  870  757  702  250  167  739  527  524  874  656  627  462  914  135  390  591  937  869  124  285  931  29  645  640  466  851  678  72  718  262  677  105  833  14  665  428  268  836  851  466  257  913  173  513  815  
47  661  113  451  140  125  800  825  540  195  185  559  550  304  140  930  135  256  615  528  667  325  233  433  890  631  319  954  478  892  104  135  379  464  243  837  264  249  744  169  682  842  516  800  263  146  942  877  239  680  254  648  727  878  142  97  528  446  960  601  732  285  366  584  472  499  921  185  301  468  481  766  361  503  36  921  778  712  98  121  507  35  292  805  575  935  420  256  954  237  544  969  134  212  369  989  427  907  16  483  256  850  255  36  70  717  877  94  645  997  555  923  621  293  908  250  774  590  930  162  931  511  923  223  617  997  931  314  838  923  322  281  477  558  742  456  781  728  859  298  473  519  479  504  403  537  690  413  217  630  491  715  657  97  550  382  185  556  448  340  935  304  309  429  183  678  41  532  251  373  835  570  756  928  832  603  855  755  971  887  435  898  994  952  639  94  660  523  8  653  102  901  880  117  149  955  891  684  717  550  
690  135  480  673  754  485  371  440  591  784  826  599  833  511  140  804  633  202  705  426  845  812  31  979  183  822  844  553  204  798  686  512  664  731  694  60  782  283  980  563  213  523  971  175  663  978  509  83  771  658  193  662  242  316  528  160  214  904  56  192  262  982  576  968  15  972  42  367  149  932  358  209  431  600  619  564  400  357  312  905  505  898  649  132  659  147  197  250  779  790  92  119  615  825  270  33  764  510  279  621  618  989  462  732  943  956  229  145  456  437  427  170  39  124  628  928  733  3  962  492  848  197  469  912  984  363  701  944  52  862  849  803  986  138  888  666  539  930  573  619  756  302  752  594  761  606  982  517  916  634  154  51  51  776  341  280  704  136  826  623  513  311  4  413  776  590  120  845  966  215  343  38  760  44  20  853  555  524  52  144  147  290  395  753  623  763  394  515  617  244  310  444  761  686  541  150  401  767  610  403  
179  662  720  725  719  147  58  352  17  8  49  141  143  320  663  331  407  523  600  844  535  227  944  689  127  774  975  787  848  840  17  647  200  364  187  469  605  847  856  790  423  865  369  215  643  776  698  390  81  91  841  280  999  297  162  396  678  907  54  208  314  92  210  582  456  772  12  530  568  515  656  427  657  296  744  707  699  382  594  813  16  912  299  418  220  393  649  784  388  834  343  696  235  313  385  242  974  498  511  47  297  725  519  555  371  259  267  61  685  758  881  844  312  333  513  439  163  1  945  289  980  167  29  336  206  537  578  857  472  915  793  25  94  631  433  74  681  526  125  504  42  836  884  367  989  830  856  299  400  971  238  372  577  652  580  308  135  233  889  821  289  322  173  364  619  743  297  812  816  668  986  873  1  868  199  154  530  752  402  642  622  572  164  979  273  839  128  703  563  134  577  148  109  508  775  467  563  655  885  358  
818  49  150  828  195  697  862  962  237  846  957  383  169  489  382  676  311  804  902  534  46  858  503  193  344  747  860  547  547  468  247  339  612  850  758  748  975  329  645  242  41  85  604  959  806  396  457  2  783  862  145  500  299  186  919  393  598  86  575  856  935  282  228  455  546  338  709  246  543  870  375  461  778  552  356  581  385  786  681  920  588  273  13  823  278  122  253  278  683  703  492  317  282  205  944  366  409  581  696  653  727  366  881  985  108  812  736  174  181  719  497  613  964  650  678  313  261  253  412  670  179  562  567  327  296  609  310  628  331  592  833  607  476  947  999  449  763  580  516  318  583  935  351  650  514  172  521  214  393  553  913  219  194  555  181  714  486  786  372  485  814  135  462  534  681  282  796  274  331  396  332  152  858  317  245  924  922  803  121  395  120  289  176  299  556  167  953  161  615  204  956  62  524  92  306  14  899  751  694  502  
664  601  693  362  699  239  544  200  816  964  451  900  374  448  869  649  373  338  344  737  144  274  610  409  571  318  986  860  174  398  375  75  990  438  682  173  477  608  668  417  200  259  513  389  822  796  900  441  617  663  28  997  645  498  812  956  717  926  297  68  813  75  76  187  426  927  351  144  53  331  916  434  94  954  73  865  645  495  752  975  260  106  947  787  977  342  381  106  960  778  899  562  436  306  73  492  358  625  104  661  406  541  414  953  558  464  942  69  183  494  934  848  418  328  184  317  201  331  648  943  582  869  252  609  48  750  953  513  823  687  66  824  413  939  476  802  108  686  5  916  830  589  66  526  120  932  39  535  64  390  722  87  93  924  833  990  197  981  865  718  809  118  904  695  149  543  226  119  756  650  392  715  273  952  728  863  136  994  949  886  594  521  134  303  287  938  893  892  862  802  126  104  792  137  175  28  395  862  566  190  
258  607  861  798  778  283  947  310  199  439  469  246  493  801  362  609  138  996  332  728  672  104  745  377  961  677  881  972  907  172  571  353  99  186  208  209  197  426  97  887  521  694  107  11  978  226  80  147  809  445  986  510  550  44  97  119  966  885  444  546  296  917  948  158  49  646  531  399  903  609  428  982  699  380  404  712  863  592  757  192  143  809  268  498  45  459  888  429  660  221  51  435  566  53  926  816  985  432  708  869  132  260  128  200  623  684  379  210  360  46  517  924  338  429  573  871  976  63  940  903  120  858  603  730  778  735  901  323  983  995  246  334  743  222  555  727  187  178  764  452  1  378  748  699  437  764  985  913  340  77  439  153  244  727  391  61  496  193  52  51  152  155  646  23  500  365  279  9  473  211  955  235  476  215  925  722  956  427  509  166  604  41  293  191  942  409  131  782  827  534  536  653  614  269  143  796  769  291  537  161  
206  794  509  531  280  664  478  571  571  5  188  440  21  54  852  877  704  371  323  313  896  145  646  323  470  564  885  968  727  37  213  987  983  364  949  575  223  163  737  188  214  782  514  620  795  154  998  824  304  161  315  372  554  735  671  139  557  709  452  440  708  168  743  683  167  92  711  525  277  226  58  840  952  251  907  213  393  576  40  139  176  544  992  161  525  909  426  456  181  307  680  120  884  910  555  253  753  367  216  758  351  242  383  123  687  703  596  576  475  635  270  722  446  531  573  996  383  621  370  270  68  218  830  819  946  748  612  150  363  824  18  161  569  927  426  185  502  839  920  761  670  609  596  473  820  119  983  650  177  748  730  993  220  271  945  446  731  294  367  33  143  547  627  512  190  117  441  222  793  934  923  627  910  284  565  292  832  159  977  479  330  366  879  358  587  390  782  853  370  319  888  105  155  173  31  223  794  632  181  15  
628  728  834  171  262  698  871  511  893  399  599  455  932  439  69  863  811  409  943  91  20  661  378  516  314  513  608  708  402  364  277  30  995  986  720  173  730  357  764  119  158  900  341  797  11  275  759  706  26  366  162  325  837  803  299  629  759  267  812  553  394  789  860  161  947  312  737  468  904  834  617  303  153  505  871  862  156  501  491  714  378  417  435  391  232  164  581  585  8  240  343  699  885  222  893  27  206  340  961  429  49  661  673  138  385  379  690  461  450  643  347  59  249  45  132  828  545  366  613  746  600  900  683  885  792  221  765  376  25  596  53  716  227  130  537  62  298  501  73  904  122  567  668  809  666  678  491  153  237  475  39  958  531  129  134  268  406  188  336  996  632  260  504  404  554  156  390  967  159  859  169  464  856  55  945  480  592  761  19  842  735  896  254  39  869  157  851  676  956  185  545  556  743  303  70  218  369  753  162  543  
62  546  28  876  351  605  784  725  769  177  521  18  212  706  552  683  705  268  438  608  621  886  662  234  427  353  547  490  501  340  569  195  434  677  272  894  715  238  875  498  296  722  207  206  832  35  423  941  165  969  140  709  406  40  961  412  806  407  268  39  953  888  865  200  15  257  913  883  993  590  447  181  433  153  611  914  942  904  696  762  860  256  696  742  242  779  287  853  525  620  940  262  282  259  556  489  769  177  641  942  285  425  784  641  720  705  584  209  315  876  238  524  530  614  686  449  6  427  988  113  221  60  672  194  284  495  567  978  484  34  742  532  594  667  402  618  256  951  971  720  682  797  959  216  187  998  890  328  526  572  307  460  824  836  226  193  890  73  294  463  956  671  763  401  565  384  520  165  895  478  439  402  96  182  741  963  499  797  897  527  92  114  57  594  395  423  112  884  856  278  637  412  989  892  996  361  761  700  615  332  
112  555  448  69  456  635  309  840  382  702  262  252  967  745  490  232  731  778  309  626  771  304  279  549  907  606  942  607  667  307  27  821  511  969  82  459  454  495  507  451  368  277  973  920  385  348  634  969  90  352  886  453  263  492  1  943  826  320  876  703  694  496  816  746  584  444  554  480  392  584  858  736  238  551  579  906  614  833  365  120  870  134  86  18  655  453  831  109  214  294  234  295  503  961  338  889  343  753  387  697  648  288  712  835  426  63  691  204  404  882  574  899  281  703  361  669  287  273  285  731  788  877  509  537  33  592  700  373  208  771  105  578  434  100  143  945  457  122  433  611  940  733  387  805  921  495  635  385  636  843  686  117  694  257  127  18  145  162  531  642  767  158  120  991  963  200  92  764  687  275  745  611  444  444  46  707  400  899  105  42  338  622  96  495  217  284  679  933  618  948  107  741  737  279  365  515  318  616  74  458  
720  583  688  119  624  212  851  79  684  150  270  774  476  352  741  989  177  828  62  343  225  992  720  496  312  930  715  355  560  656  775  390  601  512  361  756  171  345  896  103  616  709  854  879  607  19  578  972  851  845  802  668  698  555  941  345  849  65  918  954  645  564  693  372  676  285  248  509  306  983  831  861  799  195  253  778  214  485  706  614  641  922  933  335  120  849  775  891  344  395  371  621  352  336  953  744  718  839  162  279  472  74  453  823  543  988  984  938  790  416  339  761  160  951  294  613  271  365  818  402  241  969  285  264  789  703  239  23  180  492  682  166  138  742  430  464  339  557  434  532  994  177  847  592  413  217  86  522  988  141  138  322  449  417  352  966  609  207  59  619  112  680  308  990  875  318  366  597  463  985  895  548  311  732  363  311  850  203  907  57  531  316  274  271  570  455  264  436  96  267  432  370  463  94  460  850  64  64  80  544  
647  581  28  518  800  741  699  387  773  42  344  959  319  461  16  750  993  629  970  350  21  934  851  63  630  978  135  975  172  198  634  134  446  500  660  37  922  80  818  998  488  217  681  975  917  782  830  625  11  586  489  456  261  405  424  606  495  801  464  848  604  326  622  372  162  874  427  565  753  905  981  150  41  740  827  79  496  209  425  806  330  263  353  277  883  972  123  139  432  918  819  34  124  114  920  741  102  772  229  484  455  83  849  581  530  920  753  233  141  483  725  512  675  674  127  281  107  272  495  602  28  853  340  577  551  423  534  725  974  717  511  188  723  172  199  697  57  728  455  465  927  832  917  675  779  263  198  2  627  563  554  192  422  851  840  856  441  337  354  424  582  170  964  922  543  814  502  757  664  705  777  620  11  413  158  995  52  433  370  154  92  177  886  216  780  171  538  852  575  404  81  626  282  86  984  817  808  687  969  453  
685  982  644  230  324  980  276  773  116  476  415  821  77  944  295  541  664  306  823  625  429  148  479  976  38  85  904  558  841  105  51  86  67  83  971  235  335  505  147  283  541  500  962  993  848  611  19  797  312  347  193  962  510  829  424  709  70  588  807  309  414  177  257  250  821  381  986  78  63  618  239  99  269  815  174  456  913  470  709  163  583  683  878  428  791  603  416  964  566  614  233  209  332  195  687  479  625  607  358  692  569  450  291  952  71  718  751  934  973  516  752  268  681  677  281  227  75  578  290  483  338  960  58  599  911  939  720  504  426  206  10  40  640  308  420  262  742  399  498  809  103  811  713  562  905  733  159  635  334  381  43  229  839  277  375  291  26  629  426  249  964  221  226  440  897  294  806  897  160  125  858  555  700  133  883  211  597  808  979  487  630  922  855  231  359  178  491  384  242  901  175  134  650  712  146  718  856  498  989  485  
136  949  891  880  488  727  996  625  688  137  841  827  476  899  633  811  111  705  874  427  378  23  276  67  842  540  607  278  352  910  172  439  361  466  993  174  750  453  118  826  390  765  397  428  79  917  943  742  379  73  272  711  695  838  516  917  399  213  612  597  389  676  177  809  985  568  521  999  330  212  302  25  435  455  740  6  544  812  915  269  496  707  778  674  868  136  965  486  61  677  261  255  420  537  878  689  795  364  454  663  689  942  752  387  803  123  64  717  854  652  138  979  0  30  67  726  990  615  849  636  632  714  198  119  217  377  592  738  867  442  260  963  543  79  760  898  650  582  824  348  275  417  879  676  976  427  584  895  897  169  581  482  924  864  924  123  287  424  650  128  469  596  263  871  503  405  921  123  132  43  837  88  939  407  696  100  461  72  195  786  631  168  749  444  397  178  626  356  11  978  34  95  5  552  44  343  654  883  585  363  
725  823  61  637  643  274  559  520  321  472  146  163  239  601  829  799  79  932  173  593  672  491  730  908  934  794  750  310  423  596  354  157  89  677  203  302  974  782  185  242  785  328  240  742  523  272  456  301  366  331  919  772  675  470  743  609  254  501  442  849  447  86  696  437  372  521  643  88  665  782  474  872  570  659  506  662  711  369  899  907  806  466  494  674  247  793  812  956  136  541  402  995  25  963  145  559  874  784  666  711  512  384  390  669  950  702  91  816  328  760  314  862  579  805  877  966  977  374  391  296  240  103  428  162  570  745  247  967  39  605  122  662  574  334  176  413  307  316  215  207  506  881  793  937  978  513  625  157  836  715  610  289  243  606  675  15  645  610  631  458  807  205  282  794  944  726  901  724  148  809  370  465  672  351  491  336  213  426  925  203  797  802  746  459  459  735  596  17  999  915  301  482  55  451  51  414  793  250  873  774  
196  794  745  383  679  720  662  455  169  562  797  315  823  16  619  50  261  861  81  602  892  40  397  517  577  3  867  495  933  791  904  215  129  826  247  32  786  398  244  899  906  111  405  850  103  81  601  955  181  292  992  375  710  453  595  246  682  898  941  281  474  329  798  796  965  653  640  830  310  23  474  814  149  77  658  324  473  385  95  1  455  689  301  763  884  238  322  329  102  819  301  584  465  700  758  192  54  192  744  134  14  949  163  22  596  455  15  860  264  52  499  311  199  175  506  868  376  895  447  578  386  939  487  959  409  796  5  935  767  351  988  907  815  173  69  870  220  889  880  487  808  310  703  675  433  675  669  531  294  123  6  14  848  429  264  571  451  213  439  741  844  693  375  842  692  907  154  474  962  688  921  145  494  867  247  929  498  720  585  495  211  192  586  87  5  909  355  103  38  322  272  46  688  542  861  863  338  299  887  150  
128  671  959  77  406  918  369  107  740  242  651  178  763  624  401  731  566  328  125  488  308  865  3  646  313  334  683  837  236  625  672  766  900  787  909  288  403  405  175  614  764  598  38  953  497  305  533  869  901  297  464  146  889  613  661  378  642  2  260  562  775  385  72  342  168  855  407  734  914  378  998  399  359  519  502  879  762  253  355  513  488  821  34  985  442  833  554  68  55  254  940  767  734  647  821  275  90  671  434  930  206  251  2  905  703  538  391  97  897  521  766  211  657  815  7  616  354  842  6  770  348  53  671  235  102  407  969  344  84  112  969  889  500  690  263  976  242  98  269  163  187  649  420  895  486  964  105  627  190  468  533  319  933  67  218  632  323  956  713  217  180  725  296  118  855  636  32  240  610  491  405  208  803  169  767  266  938  439  614  776  362  364  242  471  342  597  544  978  576  156  232  218  652  619  987  879  956  725  139  741  
637  778  634  989  694  685  924  279  792  940  921  529  241  820  210  15  195  598  261  263  489  361  36  647  698  821  407  461  374  241  498  699  509  826  257  462  295  817  415  281  830  192  86  827  679  376  9  217  896  834  22  89  771  960  23  772  937  599  151  951  378  956  57  687  736  744  84  782  115  481  548  734  743  886  890  713  801  46  43  787  553  406  438  884  978  566  702  262  652  70  399  303  811  314  630  3  608  727  633  538  437  809  558  97  822  714  904  960  243  513  979  576  90  69  241  382  73  629  885  696  161  413  684  906  278  799  435  637  531  947  820  630  378  980  978  487  561  625  44  324  328  173  455  147  359  748  731  65  733  674  831  165  915  25  569  756  398  590  126  424  963  857  391  805  526  528  532  258  619  927  611  144  157  925  521  739  964  894  593  537  833  641  410  251  142  37  210  464  256  221  1  384  934  292  568  140  988  903  256  952  
576  22  343  873  333  215  662  377  565  575  166  452  458  85  224  198  405  549  899  643  32  294  336  666  703  233  122  399  264  926  906  923  939  421  910  651  845  989  145  802  767  172  790  116  387  28  998  296  926  510  825  896  177  22  681  848  810  955  610  225  175  441  957  633  290  301  172  457  640  220  168  379  372  856  381  309  737  529  928  582  540  140  887  764  311  882  670  840  866  415  690  103  373  556  822  213  568  244  579  960  59  33  109  734  521  456  656  372  335  687  937  445  51  353  489  163  720  564  516  445  325  96  360  20  853  979  361  748  17  869  353  644  905  518  285  225  659  623  122  613  882  188  718  728  999  731  388  368  381  513  903  635  510  906  215  734  51  514  34  240  273  525  977  224  319  512  275  423  564  90  72  988  85  322  451  915  468  190  219  313  380  461  75  14  753  890  628  847  941  373  812  238  828  759  528  457  105  171  341  892  
273  708  44  876  525  94  364  994  942  493  674  423  905  28  403  762  314  819  194  491  708  760  492  331  974  728  192  883  98  98  301  877  823  393  236  466  958  396  493  217  865  876  653  905  143  545  780  123  941  473  21  359  494  438  710  226  307  979  47  145  286  867  24  684  768  854  731  10  531  840  817  76  361  752  641  729  491  186  266  486  566  393  657  743  247  237  134  887  655  692  377  64  26  849  618  335  234  406  734  39  552  198  77  176  714  116  425  828  768  146  265  62  401  207  27  335  154  463  696  254  30  776  712  283  418  495  175  89  679  93  920  270  818  146  949  192  712  316  153  717  267  468  68  471  650  893  358  682  324  554  535  723  541  882  714  319  961  763  386  54  605  136  677  890  733  912  141  96  232  949  493  897  527  53  465  669  845  681  950  589  153  168  872  507  790  519  658  720  427  447  192  730  678  331  41  760  804  44  33  340  
444  875  722  924  649  546  826  964  38  655  511  635  403  38  111  808  182  490  229  146  13  312  765  1  392  833  649  884  468  969  52  600  137  952  155  905  613  685  148  912  505  162  758  993  641  40  56  880  953  432  509  856  819  130  765  696  381  190  32  146  696  973  891  368  915  954  324  77  93  259  922  174  770  990  806  955  301  242  766  78  571  211  984  655  88  49  988  241  795  406  210  613  284  778  106  329  495  253  442  988  512  336  482  80  141  176  603  813  411  120  878  726  865  298  738  410  185  745  341  370  677  366  939  218  110  86  204  653  879  276  608  633  224  152  542  684  214  283  322  746  304  526  508  404  349  174  661  567  441  846  101  974  767  826  776  596  935  67  287  602  704  739  954  793  537  703  91  645  834  724  86  711  456  159  916  157  565  77  751  935  813  972  792  529  300  764  204  248  134  870  189  987  391  295  181  152  224  976  125  303  
371  254  307  39  542  977  570  827  683  539  635  945  392  623  866  95  466  123  355  266  789  27  811  940  54  419  139  137  617  665  207  167  574  693  653  743  214  990  209  852  884  83  22  647  503  866  302  52  452  24  258  29  880  278  781  841  466  196  994  249  87  517  919  303  216  230  681  179  38  876  254  347  413  249  26  830  358  875  81  949  206  553  436  230  908  187  6  255  592  101  246  292  407  335  87  797  123  948  746  950  255  453  621  540  584  714  941  465  407  724  207  845  84  314  517  993  372  877  676  728  58  738  513  149  420  804  20  387  308  644  580  341  495  142  882  443  347  569  954  741  89  522  900  823  26  781  953  138  917  26  273  842  558  816  889  113  259  665  41  599  480  513  556  580  698  883  833  36  216  218  238  726  78  210  820  73  99  849  101  188  163  805  506  880  943  130  865  163  39  768  396  164  537  71  741  334  235  272  405  932  
285  194  764  79  178  854  978  119  517  567  60  467  961  81  898  46  728  381  14  153  101  22  383  527  269  243  163  336  71  625  875  846  549  253  304  694  426  339  627  155  59  213  818  405  99  35  999  248  815  108  186  365  784  31  991  642  438  256  514  238  689  258  583  309  195  317  102  972  474  661  75  130  578  423  212  756  798  328  139  835  614  403  987  963  933  919  928  323  386  483  711  596  614  991  596  727  789  704  379  96  245  79  350  633  316  240  597  148  878  570  219  601  115  631  653  648  639  33  389  116  59  679  77  141  330  403  424  839  246  26  618  980  112  7  919  283  238  828  817  787  478  110  803  584  393  203  850  144  235  59  820  619  447  449  664  125  847  244  77  418  649  542  111  812  46  864  668  580  188  560  996  235  523  824  367  995  540  84  944  767  188  600  335  843  273  347  677  897  340  420  184  18  972  728  918  230  52  725  983  88  
818  655  35  416  256  460  970  126  279  757  122  656  583  707  155  664  668  284  975  717  459  793  565  373  338  757  564  236  405  68  44  947  812  661  817  176  114  990  785  453  632  442  453  736  688  642  924  511  646  541  906  341  552  661  631  837  431  432  444  298  285  175  577  609  766  967  418  756  964  33  344  708  226  792  931  450  642  743  629  594  546  748  698  844  104  941  364  72  95  38  842  838  922  940  336  255  661  968  786  11  499  307  587  208  289  411  274  227  809  551  3  327  636  893  532  919  351  797  870  481  486  346  843  58  606  861  47  488  691  917  126  767  530  71  389  275  825  149  997  607  491  558  42  688  447  155  635  762  952  257  706  533  416  536  794  298  93  607  440  952  453  369  993  165  790  840  835  555  766  60  241  506  889  616  782  19  41  434  243  728  840  877  835  950  545  629  779  844  524  14  799  635  728  665  40  265  282  451  321  195  
124  52  529  143  497  753  715  115  877  639  288  934  122  853  999  25  709  68  347  898  854  590  370  389  206  64  341  510  955  981  699  975  655  32  329  402  143  461  52  101  263  669  303  920  571  477  184  691  560  226  428  72  328  978  267  490  340  858  558  393  53  128  661  715  523  52  141  617  582  392  574  659  891  513  163  17  406  928  635  231  342  58  980  579  166  816  143  359  319  380  622  637  139  401  458  108  476  109  682  318  387  470  85  987  229  389  473  670  775  580  372  401  403  384  407  287  123  83  762  430  569  617  778  400  433  708  103  516  894  774  171  118  449  170  693  343  481  712  955  810  68  171  710  429  827  209  55  56  379  70  624  781  40  389  37  748  76  621  424  401  69  243  84  372  485  402  570  493  995  572  839  354  679  259  71  423  634  368  850  953  651  791  964  551  654  597  931  693  576  63  841  46  61  921  121  749  378  960  199  40  
519  621  80  770  908  830  953  420  396  626  347  807  815  888  931  472  545  493  792  856  888  248  886  855  11  956  103  989  541  697  33  485  329  719  859  694  256  729  553  134  645  746  815  213  274  398  897  604  164  151  273  33  568  35  962  544  153  14  857  31  338  98  636  102  317  807  930  969  70  584  26  947  306  604  552  953  137  69  762  64  466  25  97  804  670  19  146  254  292  830  500  168  468  269  716  728  543  881  772  808  963  855  858  702  365  629  828  973  615  66  58  958  329  807  996  172  299  566  354  203  440  813  762  268  951  399  108  312  747  911  930  598  395  498  579  35  587  40  350  77  457  46  676  836  740  908  934  877  221  806  238  733  802  89  545  134  704  628  649  481  902  928  761  128  377  621  890  462  873  250  115  182  602  576  693  61  110  308  460  109  176  288  817  719  980  469  572  475  378  975  55  879  626  853  318  402  345  419  371  700  
473  934  382  684  295  387  593  869  773  20  993  758  0  240  248  429  180  622  144  655  667  94  170  166  628  636  788  279  744  626  705  447  928  800  731  634  699  659  516  112  356  271  113  317  647  426  143  515  572  295  656  517  812  372  630  322  952  953  32  949  130  292  850  701  83  325  190  734  451  931  497  51  119  194  801  965  372  138  154  333  473  381  736  994  939  212  414  784  843  142  445  925  450  623  248  529  60  1  556  129  826  921  565  760  985  400  548  467  857  908  165  991  872  683  908  266  884  964  295  586  175  666  607  942  972  845  752  79  321  382  320  34  437  303  812  941  648  301  478  627  858  708  563  654  171  229  944  168  842  78  61  118  690  902  794  362  798  835  294  939  972  466  902  147  599  179  338  709  735  614  411  480  692  389  601  405  232  936  673  857  634  863  620  47  958  120  698  317  833  429  501  841  979  401  731  249  229  447  987  420  
218  718  512  343  42  93  187  608  386  463  602  369  559  875  655  913  448  324  700  245  540  79  122  70  456  286  385  487  947  328  418  774  701  90  824  780  153  599  229  995  988  127  112  27  94  495  867  616  213  84  291  84  24  717  42  157  217  717  478  410  228  850  340  727  668  997  279  890  397  406  2  898  652  947  518  44  418  788  764  257  135  847  716  119  188  795  46  577  921  83  710  766  357  609  245  668  371  564  114  166  633  887  663  449  716  455  888  191  80  25  446  702  396  622  802  889  50  181  709  736  843  291  603  158  425  609  417  823  846  153  588  260  426  798  544  981  994  344  434  849  547  657  589  693  551  399  8  447  126  750  441  61  181  601  363  527  372  781  867  342  993  955  169  839  515  287  593  744  457  169  416  14  600  64  492  953  419  238  925  981  693  964  480  389  858  146  930  725  243  475  360  308  601  459  429  780  200  318  598  776  
197  487  919  202  443  361  832  22  942  654  482  78  690  249  396  586  166  298  874  619  74  974  772  781  376  31  941  559  871  647  146  840  737  157  378  256  175  970  85  392  659  763  341  711  34  723  777  930  668  611  129  294  588  41  907  13  923  259  348  35  89  158  18  404  747  80  446  405  632  357  951  827  581  66  641  859  49  956  437  887  178  212  34  482  990  89  633  633  134  562  974  733  237  511  242  49  974  690  493  812  771  728  545  228  154  214  147  616  362  489  546  671  107  102  457  626  451  75  713  987  61  232  367  809  116  981  246  17  878  594  861  378  180  589  441  973  957  547  125  760  569  982  597  69  779  919  275  995  104  721  200  473  317  618  732  458  189  78  785  794  727  545  802  499  190  673  697  924  442  614  845  335  419  927  882  342  822  779  531  73  433  416  282  22  896  443  832  533  402  700  489  767  389  445  942  963  117  88  502  492  
468  274  46  122  820  832  205  692  872  284  125  239  944  436  931  502  531  735  952  782  535  613  248  916  460  162  671  805  934  950  579  425  817  676  437  685  87  669  169  508  61  153  589  434  580  545  175  757  819  75  214  352  273  923  282  109  864  715  336  710  829  767  22  607  500  407  53  260  705  962  236  827  409  587  112  222  119  571  353  503  930  99  904  864  123  171  925  902  437  644  901  961  365  711  481  163  105  40  346  994  805  506  704  268  648  328  97  262  437  653  350  329  638  545  17  449  306  313  795  947  911  202  587  235  307  305  249  151  940  498  544  420  752  307  577  787  710  100  580  463  819  229  866  197  625  579  406  769  914  889  810  313  602  856  501  112  746  43  882  697  393  241  332  646  725  791  597  604  943  673  590  724  653  629  257  57  633  877  226  233  966  511  396  763  314  970  15  315  303  895  7  708  668  498  505  427  17  723  854  299  
935  390  530  251  590  11  582  784  904  338  369  152  146  239  909  893  595  373  726  913  981  403  605  844  921  664  891  592  719  860  521  493  827  644  396  86  146  713  646  510  988  638  975  544  692  205  243  227  98  525  509  118  929  769  545  261  68  344  598  8  196  468  218  412  525  425  608  641  7  188  357  120  599  94  985  526  349  788  0  169  865  572  920  877  375  14  348  660  401  444  343  424  299  256  197  734  354  873  195  153  358  657  191  776  967  85  770  309  435  746  737  619  797  177  875  827  410  414  869  459  228  731  825  556  649  980  349  142  662  591  72  242  213  498  103  380  647  904  46  67  386  521  770  742  802  109  787  740  246  421  246  928  674  191  704  471  506  924  200  696  510  223  435  936  832  148  419  646  170  218  89  225  333  934  527  748  293  862  218  755  320  927  125  86  981  932  33  447  801  539  664  848  76  133  305  502  834  546  293  524  
222  199  8  166  121  646  43  243  736  663  407  741  868  768  284  265  202  710  711  173  594  367  738  803  981  54  309  153  584  794  914  417  238  916  726  996  529  811  483  358  72  165  707  30  517  108  751  149  981  690  566  864  282  763  953  819  382  894  899  796  685  487  445  969  477  796  79  248  458  570  859  673  186  59  628  113  311  174  332  950  963  20  754  466  749  258  874  862  89  696  935  420  622  133  372  489  633  60  568  429  208  967  535  520  832  718  125  235  791  172  93  288  462  215  840  240  102  490  10  711  60  576  758  357  103  191  457  635  205  407  220  960  125  590  763  720  384  889  962  184  393  840  383  96  651  79  83  685  762  829  187  138  793  995  627  346  435  434  217  101  765  785  759  557  296  810  114  755  860  48  928  683  736  192  918  929  951  248  463  70  724  808  33  715  918  764  650  833  182  747  24  498  285  415  645  111  539  97  353  623  
650  288  394  337  457  302  526  247  156  679  617  719  49  599  754  686  37  151  487  187  981  132  297  406  353  892  11  555  674  461  924  471  812  860  452  766  815  223  667  510  496  592  100  715  300  766  896  120  652  553  79  335  691  162  330  405  397  733  60  629  114  332  511  375  848  553  858  349  199  951  480  834  589  414  268  439  562  593  992  363  990  558  501  655  414  801  325  675  373  869  532  336  999  24  805  91  977  946  201  163  404  866  738  871  97  589  245  39  630  516  670  597  78  448  366  879  431  389  647  397  477  232  576  137  548  175  123  648  178  331  876  171  163  876  269  546  286  682  636  974  93  299  638  633  914  749  716  213  836  522  228  901  489  771  571  348  845  123  269  320  929  49  639  963  743  681  860  958  922  936  436  849  922  553  307  51  869  577  397  907  561  148  663  513  549  777  825  572  64  665  671  633  457  415  207  36  149  149  173  311  
607  835  801  76  138  652  178  400  714  367  100  358  849  982  637  772  341  479  518  286  950  293  709  206  102  954  895  693  449  107  18  729  507  880  144  602  577  686  103  970  959  651  886  601  545  774  794  178  525  352  111  750  165  675  890  979  787  517  603  120  238  193  168  784  113  306  844  104  194  525  126  343  911  746  550  681  596  606  10  559  986  49  871  127  825  695  347  172  134  61  727  26  640  169  178  632  740  910  345  666  65  155  851  801  462  7  536  826  655  924  633  832  454  693  234  750  5  900  884  269  962  716  584  174  556  952  870  565  890  631  811  331  387  533  977  222  544  183  272  735  21  538  474  863  710  88  212  959  934  272  161  907  915  113  353  226  926  515  102  692  702  186  111  200  596  367  69  833  545  797  531  381  739  597  602  898  30  999  874  901  664  765  205  728  69  581  478  663  593  324  687  160  908  457  416  693  303  53  547  742  
916  165  323  567  92  297  701  620  115  341  759  429  725  401  526  978  292  542  347  28  705  184  949  213  712  291  242  653  464  899  798  338  223  852  175  355  845  258  119  481  895  446  240  563  748  478  846  524  956  440  21  811  491  203  588  959  165  985  529  621  140  149  220  271  493  109  112  355  937  236  708  725  231  887  703  274  335  521  202  434  457  726  295  673  35  697  207  42  641  546  682  408  895  351  839  387  10  701  556  259  517  91  71  917  560  19  978  655  738  463  493  352  959  804  814  433  724  149  131  843  871  799  648  971  252  116  348  697  355  63  110  521  541  667  309  571  540  847  988  477  146  850  453  299  722  799  108  496  699  533  124  988  603  286  88  754  920  226  479  413  586  903  10  206  948  999  802  589  417  198  946  489  763  647  292  509  358  690  95  642  675  500  822  227  417  890  564  625  238  235  731  859  972  674  829  545  406  901  801  789  
265  165  831  271  264  2  671  756  79  737  851  194  305  285  460  19  621  944  250  819  987  316  558  495  269  595  665  812  392  223  528  953  658  615  295  67  877  662  33  707  521  161  434  557  784  613  444  136  731  611  357  349  363  194  490  526  841  607  765  148  726  442  481  965  510  728  614  176  951  769  152  358  857  54  994  591  125  833  152  798  847  856  898  954  424  943  964  562  220  1  322  365  851  275  441  291  403  621  769  323  202  366  686  265  481  714  974  595  900  107  701  537  77  522  299  168  361  256  664  521  731  797  198  34  220  260  556  552  436  977  699  527  281  920  304  89  694  348  306  726  720  912  886  414  170  221  759  736  816  977  985  390  32  448  580  736  12  730  541  497  444  361  264  417  137  452  410  104  308  757  595  188  5  868  785  128  584  222  207  697  385  862  724  357  136  989  256  898  128  801  138  769  513  16  324  637  693  207  952  100  
488  827  636  96  952  411  832  146  492  32  960  749  641  906  461  626  399  705  838  77  699  285  677  251  846  218  652  343  674  155  965  464  220  113  337  63  101  985  320  898  274  912  223  449  748  435  888  890  114  759  891  885  226  737  739  334  582  820  947  498  227  581  662  247  429  332  326  917  87  465  501  147  815  857  383  944  181  924  481  727  651  227  250  374  992  723  143  155  567  769  813  146  677  793  847  368  664  735  792  29  938  417  626  450  309  215  109  231  224  288  747  183  448  394  120  939  346  862  271  183  876  990  135  765  499  731  580  948  775  791  474  892  387  636  597  609  97  591  292  546  626  629  947  397  835  264  247  89  907  149  309  311  889  646  284  309  778  535  873  872  712  271  592  486  542  749  80  622  248  508  384  980  31  717  277  933  362  575  525  323  808  950  182  37  658  189  560  343  54  121  873  353  821  363  519  302  926  177  0  508  
516  827  341  346  514  829  749  51  775  629  318  710  637  779  926  527  803  16  815  438  130  772  841  2  268  8  682  977  416  557  144  38  114  215  199  392  8  25  478  267  624  782  972  446  525  537  224  640  720  202  422  839  682  110  149  567  439  961  973  947  711  283  198  243  743  20  907  730  12  421  910  730  335  637  61  166  700  348  690  244  77  680  904  934  475  465  297  116  284  619  684  583  536  112  724  620  837  959  956  819  11  149  207  178  914  910  636  667  607  552  414  504  790  13  25  918  137  763  24  997  230  33  244  354  782  880  391  318  82  387  455  847  416  477  174  793  652  694  733  193  66  785  25  798  359  261  710  100  79  342  608  134  144  223  240  999  438  631  555  190  136  445  999  132  272  857  750  258  216  744  837  483  536  675  86  916  908  685  674  44  329  679  307  508  824  850  132  548  699  160  452  694  925  544  39  60  727  836  37  305  
812  113  535  334  125  330  115  524  417  240  873  577  916  658  13  321  705  13  661  642  274  617  733  572  140  24  758  795  375  788  781  659  659  451  543  270  703  385  458  268  714  563  663  600  516  851  148  539  327  469  886  544  815  741  147  347  712  634  613  639  967  19  507  442  377  477  570  375  343  438  216  903  475  265  609  93  836  574  770  685  261  85  331  16  541  119  746  671  447  754  570  145  681  943  755  244  25  233  490  588  699  851  729  538  648  382  762  459  25  615  404  83  737  194  408  479  696  365  926  853  564  738  240  440  825  810  256  923  825  979  421  865  647  486  161  79  869  7  238  663  870  554  726  938  542  294  890  289  549  953  658  335  514  544  52  398  884  785  983  429  180  583  455  747  38  561  411  28  599  536  25  925  616  866  260  628  808  8  308  689  816  408  724  11  7  528  688  728  262  472  261  485  198  18  882  86  605  385  900  883  
672  59  568  520  218  749  346  719  427  265  514  835  332  486  430  372  950  285  90  754  562  963  971  807  699  176  492  646  264  570  848  490  445  414  398  533  977  597  707  14  107  919  169  661  149  479  924  310  547  555  5  615  565  566  776  432  831  899  648  750  402  816  723  940  59  501  544  783  145  632  52  733  4  718  220  585  289  983  516  589  426  519  582  764  498  237  607  218  118  650  91  507  495  71  184  285  828  555  464  764  21  344  753  848  290  865  423  180  393  266  824  429  511  916  48  821  837  99  747  283  764  14  928  729  132  723  789  698  461  324  100  214  673  202  133  203  353  244  966  89  211  268  422  170  37  94  63  133  220  670  969  790  93  205  939  835  124  760  948  325  755  101  759  721  794  842  670  186  285  172  910  325  331  609  584  769  738  586  583  289  528  705  717  263  949  771  368  342  196  665  58  764  816  585  342  762  419  444  558  666  
594  220  842  100  868  596  122  653  449  668  917  148  392  31  698  890  768  978  843  38  424  876  250  466  362  365  404  317  954  244  730  478  204  752  758  569  987  819  866  242  366  446  828  659  446  373  357  715  130  841  25  502  827  139  2  171  187  948  981  502  56  766  406  417  791  757  990  57  148  384  34  532  781  175  128  602  174  272  331  991  816  513  29  851  66  860  140  219  529  578  589  424  259  5  333  713  296  279  175  8  761  632  855  159  579  144  189  469  109  402  910  360  44  560  580  880  416  161  765  478  839  604  169  296  671  519  156  482  121  736  212  898  761  608  781  247  226  511  72  863  846  640  194  796  627  554  288  786  665  399  977  24  632  629  740  585  407  278  751  254  919  255  561  394  758  594  832  609  271  647  980  149  886  710  421  294  305  114  423  581  347  410  995  214  682  105  874  256  56  24  650  67  950  285  531  660  860  115  115  375  
54  773  333  506  585  688  457  282  531  340  989  789  71  374  16  731  224  173  119  753  461  623  953  747  787  72  365  374  744  295  603  223  979  524  224  995  578  201  179  68  491  461  996  781  611  527  885  451  933  645  592  887  595  504  143  524  888  227  859  474  734  793  28  140  410  577  376  916  965  263  663  945  750  632  458  98  731  25  259  98  255  364  168  360  509  520  114  481  466  795  74  164  657  231  258  970  368  135  249  992  23  965  720  219  905  825  810  167  819  895  65  124  273  174  787  69  24  697  852  926  686  907  740  985  837  708  737  725  255  362  591  445  620  990  196  368  558  181  817  785  861  15  506  805  695  23  934  933  567  311  505  127  686  856  599  853  735  459  532  450  332  975  79  68  215  159  85  59  75  967  849  164  576  411  233  434  381  156  540  378  439  256  183  145  56  645  895  876  555  794  968  964  924  537  332  484  156  733  640  296  
2  116  592  444  582  537  27  22  518  905  937  401  411  839  296  974  14  254  38  249  500  683  921  158  313  397  386  279  321  634  1  139  753  495  529  900  379  683  220  692  624  457  345  189  344  192  641  308  806  736  786  817  519  171  531  822  137  662  246  505  343  899  531  432  178  108  265  840  316  846  799  290  206  392  129  771  602  206  558  142  746  430  638  120  471  142  633  15  814  776  763  240  733  44  611  220  587  200  163  142  765  790  90  435  68  26  404  879  724  447  347  56  832  549  639  753  897  609  313  269  902  712  781  550  204  545  373  577  302  823  115  248  697  79  111  980  446  876  822  372  306  349  595  286  355  992  271  105  856  709  525  749  59  58  256  304  915  294  893  205  537  955  797  851  836  789  683  263  392  154  892  47  322  453  820  469  22  531  828  332  73  65  433  881  939  552  289  849  380  631  679  307  935  851  294  458  547  780  449  586  
622  343  881  948  925  164  424  991  551  411  338  485  799  64  171  247  576  800  355  294  811  127  502  231  779  520  857  642  130  112  239  368  612  791  313  302  129  948  211  498  833  539  75  473  223  686  717  586  704  206  818  139  749  764  456  638  987  152  90  287  556  837  399  765  639  215  880  426  258  658  571  1  559  224  413  211  5  318  92  822  621  493  755  267  389  448  718  482  2  966  509  756  614  246  822  845  233  274  411  900  547  346  914  16  607  669  715  568  468  406  372  447  397  857  873  995  856  985  719  177  180  55  287  822  83  73  352  756  823  764  661  895  601  551  790  787  412  903  570  964  400  848  129  329  755  183  520  774  114  33  710  509  21  254  723  401  488  496  361  806  845  418  290  352  103  383  784  182  682  113  364  819  566  826  879  177  107  410  900  842  766  517  214  260  57  816  789  104  416  880  820  240  335  135  70  786  330  957  975  198  
637  583  903  248  234  614  657  18  624  558  674  393  608  25  412  57  659  536  162  248  8  949  598  813  346  768  94  299  677  260  758  965  585  813  662  368  303  49  604  151  344  552  469  647  13  897  340  280  377  554  269  789  291  467  787  288  192  280  693  381  933  98  760  665  730  409  734  974  617  759  436  414  422  403  481  922  417  529  618  670  190  259  178  194  406  766  663  807  118  868  416  644  805  217  954  869  260  444  466  759  302  268  812  746  310  140  522  459  935  141  753  109  718  342  558  4  85  74  381  342  553  455  65  221  362  870  200  861  75  140  846  87  447  348  946  0  196  206  565  273  436  520  622  339  685  240  715  87  834  859  195  671  75  389  446  788  968  501  525  797  91  588  414  249  234  891  456  178  660  142  141  630  443  288  821  731  815  500  767  6  452  45  811  743  274  627  226  741  890  34  247  842  184  265  623  210  827  252  115  326  
482  143  775  255  793  23  546  585  633  646  886  310  869  59  330  147  312  468  450  51  476  361  176  902  654  246  596  438  869  893  303  254  538  197  621  824  825  267  993  953  453  915  618  634  49  163  507  486  203  556  465  443  339  598  613  231  145  432  113  913  757  304  775  456  384  157  957  988  864  142  749  279  520  542  401  391  334  735  412  108  621  64  555  728  291  893  834  920  269  193  699  406  751  67  961  559  576  330  706  472  105  797  131  864  38  220  326  609  293  661  591  273  76  324  44  464  471  890  658  77  390  848  284  473  677  64  623  319  382  712  817  807  977  413  31  846  163  400  566  300  164  967  449  601  730  178  641  580  268  208  107  490  169  903  442  112  662  12  534  565  990  36  493  494  963  432  709  663  555  230  51  811  255  266  782  737  581  473  13  875  981  413  895  267  912  74  321  621  796  499  385  563  644  162  810  153  196  659  576  670  
523  467  643  931  817  394  353  403  232  922  604  527  263  811  370  669  280  781  851  468  947  745  654  343  220  581  892  340  216  337  910  647  317  594  369  47  655  795  447  325  670  235  274  69  5  392  586  619  206  5  238  67  752  818  127  140  954  969  119  354  554  872  921  62  910  752  914  341  604  273  516  834  701  672  884  552  908  182  50  240  868  326  677  916  391  570  129  558  443  146  304  879  966  459  461  568  91  168  545  862  525  376  636  750  320  91  757  293  55  802  781  354  71  786  229  235  659  381  480  337  849  141  786  41  361  893  720  903  222  919  570  945  629  443  171  837  155  907  737  928  779  88  288  829  492  423  681  910  360  566  799  945  329  606  610  218  263  884  508  89  437  727  121  720  729  104  244  644  145  705  13  101  699  852  143  75  621  969  637  215  404  707  716  131  72  687  155  351  323  58  303  377  378  447  355  984  652  562  309  917  
584  539  996  943  348  234  941  441  528  387  229  970  216  582  249  889  200  959  313  819  18  365  155  971  547  520  667  100  395  852  336  590  99  533  266  410  561  21  399  412  311  9  774  604  162  565  267  449  886  983  472  219  503  167  260  83  322  649  877  489  386  187  698  450  646  41  219  596  31  803  890  519  192  80  218  457  334  546  893  614  791  517  764  491  543  325  328  349  109  915  6  451  724  451  374  141  205  766  132  543  938  423  55  766  773  83  832  53  527  450  565  940  301  885  866  758  133  195  9  766  342  412  72  629  701  601  385  387  668  429  224  208  317  636  741  597  292  127  385  91  226  337  869  47  46  226  77  577  942  797  500  800  27  607  26  461  834  919  720  784  135  820  843  402  860  128  663  248  264  575  467  224  490  443  442  524  964  32  122  80  349  143  781  729  895  281  45  908  639  361  189  744  866  919  58  938  988  485  672  475  
132  919  49  144  852  516  944  429  301  611  172  230  175  604  616  92  813  261  679  185  751  165  444  488  121  161  496  572  649  536  5  131  486  12  887  510  44  328  90  576  803  785  183  88  711  626  192  205  99  432  706  518  847  246  19  891  472  550  409  219  966  829  66  354  977  538  361  839  860  483  878  56  548  987  271  370  626  532  282  721  668  541  781  87  74  456  596  733  595  203  393  140  744  584  602  670  400  379  964  174  451  864  990  657  507  295  992  479  636  381  114  538  35  280  145  122  412  38  956  450  830  203  757  98  170  197  363  290  185  693  115  424  667  621  863  415  907  280  367  76  287  218  340  246  158  462  780  105  843  182  431  990  686  18  472  971  433  696  311  434  279  876  443  889  264  84  637  870  282  83  935  469  978  256  419  375  120  818  681  144  720  882  640  766  349  397  902  849  184  213  635  99  558  123  871  341  983  282  59  643  
955  595  245  541  559  617  525  891  125  656  620  509  34  199  669  820  736  767  875  536  564  703  706  895  338  702  930  351  420  740  758  64  162  172  795  561  291  74  324  85  521  917  114  562  570  362  520  630  715  301  940  134  480  388  610  284  591  353  587  820  18  164  154  947  370  683  119  469  497  359  397  761  776  957  798  331  487  133  846  231  515  170  796  477  689  382  917  581  617  106  931  751  782  71  811  479  289  436  20  44  285  100  11  716  358  27  660  366  859  917  123  275  434  131  24  497  426  346  960  118  940  274  928  581  123  705  133  536  850  625  543  907  196  277  292  968  583  75  456  573  746  181  690  358  965  114  282  959  8  141  719  251  140  527  605  754  357  134  611  602  49  720  915  693  210  541  98  291  999  649  263  996  57  803  832  980  809  798  160  651  575  89  318  448  261  372  71  497  170  49  602  162  114  773  756  528  570  410  482  320  
330  714  44  40  699  250  298  538  944  417  845  305  690  787  896  465  563  174  736  199  779  40  822  50  177  963  614  93  137  726  432  187  436  978  763  165  533  982  577  130  304  135  38  84  845  391  978  251  146  536  774  928  783  918  147  576  106  958  822  579  794  295  79  272  353  428  753  31  891  930  740  162  739  732  446  929  581  689  568  289  918  807  612  960  287  462  5  7  713  379  919  108  626  783  85  419  701  84  737  521  208  900  781  701  759  309  113  635  694  653  742  614  731  413  775  450  778  333  719  659  770  261  861  693  316  443  892  441  60  198  351  104  97  806  714  335  38  957  683  87  411  718  671  736  325  617  114  410  626  344  926  520  993  273  684  729  669  400  625  28  715  431  431  943  233  669  933  492  518  689  553  873  64  658  145  763  921  685  329  422  627  433  518  531  778  394  305  958  481  216  95  786  532  475  686  476  108  261  618  497  
866  260  550  997  27  179  110  193  729  245  176  464  722  933  139  118  721  236  479  725  291  920  284  894  988  597  135  737  936  154  415  792  525  267  502  438  437  655  123  863  762  653  76  484  370  664  616  967  186  940  602  253  655  363  858  540  735  281  750  674  430  960  438  607  485  953  93  401  309  688  115  498  265  242  351  216  240  374  410  633  842  837  207  312  722  631  406  408  834  900  992  748  325  787  84  433  925  50  848  705  604  699  420  285  440  640  464  302  904  11  309  40  819  268  1  851  736  839  652  919  543  425  8  811  590  127  237  890  752  459  50  923  401  220  816  132  932  153  40  858  493  98  181  232  674  700  180  33  956  38  736  3  300  708  730  34  152  776  741  870  684  423  607  603  189  391  76  171  938  747  733  346  771  129  862  893  971  297  836  575  746  402  237  282  363  674  930  711  661  905  271  250  548  899  332  52  391  760  884  126  
492  210  282  40  872  411  227  883  75  608  326  497  319  269  800  295  961  78  117  859  297  96  177  936  668  306  276  692  657  507  363  930  152  785  515  296  925  43  385  79  212  180  325  170  815  365  557  262  443  605  854  949  97  111  957  838  360  936  131  668  959  44  519  73  496  884  221  416  824  294  476  804  44  818  733  783  389  636  560  603  516  50  865  127  600  227  63  223  732  986  37  859  598  263  338  577  322  856  995  761  637  401  760  342  557  597  731  692  62  967  196  98  679  194  746  918  731  713  453  535  428  243  343  611  346  103  513  565  472  704  553  778  575  118  200  393  4  985  274  709  445  50  79  104  506  55  94  669  478  211  641  714  380  160  236  280  918  658  415  753  432  49  739  149  139  754  985  777  742  611  446  757  583  241  803  647  927  136  72  633  84  870  568  860  560  116  680  568  822  354  634  433  780  390  630  23  812  785  415  914  
589  950  491  112  559  168  645  581  796  686  933  334  225  22  670  810  980  884  408  589  999  28  692  890  58  612  277  916  415  231  38  257  687  143  870  940  570  378  664  837  156  728  847  623  642  774  407  814  100  114  679  987  725  668  698  198  621  493  84  327  640  743  842  553  447  841  234  483  172  685  506  459  10  39  340  265  811  692  295  262  188  141  985  304  659  807  992  755  241  464  344  557  609  695  878  5  184  944  19  313  879  956  605  204  524  897  975  672  535  627  97  965  272  854  690  974  510  823  73  596  361  302  940  65  793  666  183  619  200  737  70  180  58  546  630  266  589  137  885  111  355  214  874  135  156  27  447  177  545  600  419  93  267  789  508  384  290  947  945  495  481  599  878  374  807  828  849  523  657  612  425  67  338  651  726  224  972  528  955  79  960  152  40  146  18  9  932  574  712  800  560  139  25  543  799  939  730  767  265  601  
52  621  207  720  41  540  968  213  965  32  202  154  505  482  173  991  314  837  833  695  440  947  639  900  259  380  885  992  0  533  35  114  601  145  203  577  683  783  782  0  233  815  880  78  14  530  413  209  815  845  38  302  582  953  204  767  843  475  45  753  229  523  411  425  878  291  98  987  125  606  346  191  413  98  210  184  627  539  982  402  757  278  215  368  197  246  233  471  629  663  170  170  4  61  149  762  278  247  190  578  426  270  265  853  541  172  123  884  845  435  730  376  192  963  913  280  930  374  235  16  420  164  592  718  994  151  613  146  949  210  254  913  23  99  199  502  982  433  96  366  615  988  38  630  580  480  982  859  608  797  341  214  934  663  747  922  882  380  822  83  615  943  347  445  840  537  63  766  834  734  859  849  574  811  46  0  429  858  652  509  491  375  69  997  630  675  336  682  592  2  662  435  896  483  179  90  200  123  566  977  
279  399  946  578  357  196  14  26  215  748  815  978  953  744  197  330  336  380  282  801  162  980  383  213  764  473  129  563  251  311  776  36  287  966  281  501  713  19  593  113  886  19  705  605  987  220  18  951  80  615  374  564  953  917  805  789  15  533  409  173  318  440  25  314  103  137  434  501  998  436  60  359  238  770  704  346  976  406  0  426  378  752  222  198  116  379  630  575  766  20  408  835  117  553  325  366  780  796  987  671  807  755  811  482  99  470  456  7  161  980  930  798  602  793  608  588  324  368  332  927  555  409  593  139  11  136  47  446  553  290  959  374  49  564  58  925  217  626  51  62  381  712  365  535  44  824  975  210  232  737  821  226  643  481  768  631  428  815  653  525  273  87  178  703  759  939  772  948  252  410  367  747  326  895  261  617  356  505  16  964  738  50  546  418  98  127  537  451  557  563  217  600  202  448  241  134  749  3  791  795  
937  171  855  980  184  190  854  96  558  735  166  5  78  487  154  741  540  551  305  356  962  696  991  673  38  600  295  167  184  402  389  358  338  416  687  891  632  815  540  25  142  902  837  698  33  796  936  606  270  502  115  622  126  426  541  78  907  100  176  461  172  362  611  810  476  461  636  493  441  983  242  446  913  355  97  158  190  229  639  609  290  839  43  933  566  269  909  193  508  991  848  125  972  896  68  138  155  663  9  773  792  970  966  997  625  865  254  214  850  46  620  466  645  135  542  964  925  541  716  136  996  501  68  978  181  73  902  241  556  962  450  400  369  19  466  329  195  853  129  958  465  131  755  718  428  721  854  896  528  174  398  734  89  187  591  81  754  775  339  933  113  304  611  617  823  888  994  550  523  250  173  474  182  935  639  599  393  250  753  676  322  156  911  416  598  148  605  534  712  943  104  314  792  200  281  102  303  740  588  265  
182  52  207  453  518  944  846  739  177  869  459  693  40  106  282  384  135  325  411  484  755  357  385  122  827  515  143  601  588  106  762  148  366  176  314  523  836  296  634  373  249  854  46  719  878  422  36  524  712  233  564  872  430  325  169  42  864  95  585  646  290  960  49  477  8  521  226  634  308  692  552  737  755  745  168  261  798  442  297  126  933  596  732  678  621  490  142  223  913  695  84  291  14  552  309  966  505  396  867  796  868  513  899  275  629  812  205  725  823  652  581  644  657  771  959  385  717  434  298  636  652  496  155  506  172  311  866  493  771  220  329  70  917  105  729  967  770  552  303  792  179  550  564  433  146  657  234  935  505  96  362  580  59  989  10  535  223  321  659  661  988  573  65  779  814  345  4  290  893  179  796  101  30  261  889  1  675  51  928  17  454  343  569  750  524  627  893  39  108  579  462  547  78  300  46  152  104  421  761  830  
52  896  575  950  421  941  841  64  984  300  429  750  72  196  181  955  289  365  121  134  862  350  925  809  47  716  13  545  650  73  908  185  225  396  476  711  964  498  872  939  845  232  406  80  242  180  968  64  592  800  97  96  722  721  581  349  881  226  873  553  501  464  193  326  882  562  216  350  630  408  586  317  870  740  206  883  993  697  711  82  916  958  737  496  60  367  321  609  610  281  838  189  552  328  51  193  18  743  574  805  176  322  522  505  272  859  481  149  0  296  318  419  289  334  110  59  511  980  998  315  740  862  824  57  997  515  327  943  997  414  538  897  429  294  270  109  29  466  523  424  299  773  784  33  514  625  651  484  935  571  337  446  149  835  883  888  624  175  817  586  630  171  697  277  378  143  392  820  10  748  897  888  368  588  947  215  37  205  132  865  513  778  612  814  592  655  844  135  510  206  389  935  931  579  293  902  194  568  317  59  
35  590  542  874  536  289  665  953  573  166  149  307  728  283  867  64  424  227  390  514  243  118  983  883  7  825  716  16  113  278  576  724  892  971  878  178  426  543  151  76  654  31  939  633  841  652  676  326  835  309  590  252  146  625  130  337  614  233  58  542  421  806  599  629  522  631  438  228  287  716  673  594  828  348  841  21  136  983  729  302  508  537  974  810  199  244  299  141  148  696  329  45  64  578  724  968  279  159  920  171  30  331  866  961  955  242  683  748  176  625  959  51  223  738  660  23  495  331  222  115  181  962  63  744  894  847  196  843  312  694  2  580  321  855  311  228  735  252  94  169  614  542  506  448  296  12  19  593  630  170  935  800  901  378  327  693  780  1  898  801  593  480  624  779  540  725  68  118  516  246  269  369  821  314  622  356  418  204  800  585  911  340  801  302  336  604  702  878  229  252  364  854  895  18  748  731  828  746  181  710  
390  581  852  296  481  385  182  504  115  493  686  342  927  303  417  683  426  484  687  559  870  4  412  575  716  951  420  313  796  80  382  21  865  76  439  746  80  183  79  801  822  268  65  986  689  910  571  386  399  663  942  758  163  780  175  126  326  740  812  976  41  564  578  808  473  72  843  354  867  543  925  300  711  931  829  634  490  668  307  375  291  641  847  508  615  706  457  505  287  940  582  854  615  962  430  380  714  836  979  436  81  63  116  468  250  233  791  378  869  47  581  558  842  109  302  568  510  728  958  587  397  212  48  477  353  246  766  851  936  277  811  966  876  49  487  996  619  232  130  853  871  233  20  859  520  23  144  460  917  804  761  808  922  119  13  305  291  59  382  427  679  302  215  914  920  995  572  154  582  28  290  232  539  823  93  635  161  363  96  341  504  824  759  580  196  585  409  927  810  671  626  527  179  611  364  733  650  759  925  322  
383  297  187  446  998  669  212  496  922  870  155  967  450  801  508  579  749  975  545  587  922  645  533  588  337  9  861  498  181  866  279  774  562  476  346  356  403  359  949  72  125  284  932  645  760  796  316  249  507  420  808  160  358  408  284  300  971  851  918  782  886  272  709  596  812  401  586  574  143  505  187  654  495  152  654  420  77  155  411  811  689  645  794  276  675  894  563  636  62  437  172  893  736  77  925  542  679  650  623  640  726  311  203  118  692  326  72  295  438  443  340  964  546  629  723  824  100  369  590  497  278  60  130  954  848  229  273  794  552  702  998  21  267  301  106  860  697  603  843  451  878  327  100  448  220  304  40  563  750  934  704  958  24  700  428  594  146  708  462  787  491  726  506  889  666  327  313  5  976  642  413  276  794  973  959  763  482  907  892  919  180  729  678  495  830  911  663  417  873  110  408  397  989  496  479  834  272  736  511  443  
318  919  665  374  45  464  785  169  192  65  907  73  715  342  820  176  382  716  269  194  690  6  498  612  928  48  217  50  697  118  62  220  632  423  836  812  460  308  237  774  401  671  738  4  462  521  214  573  66  84  740  434  856  354  226  333  233  800  805  710  416  555  123  27  576  621  24  699  730  212  56  31  355  656  308  53  642  606  47  475  216  429  888  724  183  84  530  234  197  567  190  921  466  924  106  228  52  934  835  814  172  885  30  430  953  848  477  856  179  209  429  444  522  523  91  750  469  634  383  241  902  830  536  48  386  830  487  291  166  69  576  106  821  572  779  313  55  436  57  904  620  853  346  814  902  344  243  378  595  470  564  821  793  675  360  791  389  931  430  212  524  863  756  243  578  795  739  355  841  47  893  498  249  216  243  764  366  547  675  884  991  445  975  946  875  818  473  217  646  432  234  588  529  743  954  436  207  303  17  744  
531  198  996  602  767  140  371  778  456  733  840  433  869  795  362  356  350  581  655  795  690  497  64  677  712  585  710  618  383  108  986  813  937  116  154  35  402  87  832  540  790  284  212  397  593  668  770  656  656  851  950  841  932  121  556  525  727  898  956  833  135  838  98  172  191  413  724  106  461  707  852  207  494  532  709  692  589  60  347  952  875  557  579  262  409  638  481  311  177  397  465  148  738  481  141  11  953  542  413  155  204  965  812  229  483  71  271  249  688  519  689  794  605  625  529  775  124  787  757  815  537  614  136  912  948  273  422  613  387  154  545  905  341  329  284  332  696  780  308  689  516  849  727  481  201  435  60  600  378  603  322  113  733  898  301  585  858  313  283  77  729  190  556  249  121  747  744  207  251  892  674  296  45  341  266  729  66  462  297  684  862  820  789  330  152  629  812  731  920  47  294  394  160  869  731  895  950  159  779  418  
239  749  732  249  16  121  766  470  622  198  619  520  53  712  18  732  206  49  666  417  241  229  787  301  730  411  817  278  424  737  82  97  152  67  471  881  264  87  199  188  184  768  846  432  299  476  924  773  794  204  890  127  866  113  960  379  540  421  586  747  514  957  585  480  194  393  493  819  299  196  784  560  411  487  334  343  907  517  753  824  850  434  968  194  510  61  119  113  858  127  163  66  609  510  916  716  457  515  164  692  466  877  982  756  501  991  48  482  298  317  579  913  249  438  345  222  746  494  510  641  416  803  646  430  865  290  166  511  321  110  743  960  499  836  14  574  577  717  543  157  491  761  95  804  43  788  352  255  289  96  703  913  75  999  25  452  244  859  332  871  493  805  451  882  594  710  689  465  307  316  799  227  842  853  752  726  356  361  217  824  864  223  846  804  421  591  512  880  689  55  547  207  107  316  339  744  442  935  366  745  
15  113  332  537  356  716  300  737  768  32  553  278  99  999  425  231  740  990  165  653  562  776  388  539  790  760  35  563  576  91  375  59  945  271  731  98  821  812  29  507  251  718  570  861  941  484  410  652  914  128  814  160  227  795  806  775  683  684  943  122  15  837  58  665  332  3  7  588  888  672  360  319  537  438  18  72  290  473  38  960  52  762  983  588  665  516  947  784  908  925  780  583  396  731  33  577  502  8  725  832  610  555  841  193  446  188  661  612  375  316  921  184  991  271  338  607  48  47  657  488  566  238  101  855  938  800  16  685  826  26  759  781  398  35  427  829  54  725  125  661  768  360  543  871  573  708  93  714  171  872  825  109  477  348  110  957  190  887  933  331  540  142  499  645  385  922  292  183  950  748  776  910  312  880  979  105  404  931  107  404  678  187  170  18  629  770  628  998  723  237  922  694  832  847  364  229  134  405  798  348  
552  406  177  4  99  529  706  146  486  883  520  639  422  243  159  555  82  868  281  174  846  535  236  962  195  802  599  432  178  416  654  6  409  662  525  250  23  152  984  702  633  406  273  16  39  894  363  756  152  111  803  304  322  959  87  692  231  298  975  644  609  799  751  179  93  112  854  741  413  399  329  770  648  504  505  370  660  847  611  873  420  78  902  281  108  698  623  702  193  587  48  10  958  526  959  206  408  369  794  873  739  547  209  864  38  445  140  530  658  881  859  679  424  317  292  645  96  884  727  982  269  858  638  785  669  545  64  891  271  653  925  554  37  56  475  710  969  354  814  52  468  313  31  153  945  137  195  887  817  633  76  847  135  906  381  603  267  844  319  126  548  654  329  291  862  794  836  135  108  299  524  564  687  179  2  250  916  822  158  180  803  861  666  685  891  975  914  949  356  35  376  324  389  330  924  25  163  596  432  311  
643  810  673  93  358  316  425  760  915  206  178  368  131  739  877  548  926  646  665  146  131  153  399  439  508  301  457  191  431  140  27  498  377  718  193  188  830  398  936  942  300  144  906  254  989  801  81  808  386  779  628  479  556  92  879  45  94  362  396  474  71  669  952  652  404  832  657  132  450  46  499  201  209  381  506  987  244  866  433  406  228  97  49  248  164  726  557  641  896  197  138  550  399  346  964  18  207  174  516  954  535  775  598  131  615  163  78  795  92  25  26  768  297  756  251  600  575  900  397  127  220  723  46  55  210  745  739  231  526  348  390  586  473  311  748  178  547  358  771  577  539  747  280  140  427  88  262  541  360  234  795  459  600  111  220  656  572  12  449  334  877  285  667  647  155  561  618  737  0  656  67  330  770  981  415  341  136  810  831  288  316  549  10  297  998  853  745  349  594  544  274  733  312  421  616  790  81  192  468  979  
81  896  933  593  664  841  738  63  258  390  696  888  262  871  776  174  404  914  311  396  767  153  233  296  595  608  456  779  960  114  494  886  732  799  890  268  774  596  310  470  822  7  255  927  787  837  71  428  133  513  621  647  473  259  363  137  562  627  127  73  220  17  787  774  491  899  440  564  571  178  255  815  649  729  776  969  686  842  891  905  164  239  916  755  929  650  916  517  305  842  2  925  720  234  960  845  436  824  522  328  448  935  729  228  574  689  302  820  348  884  74  752  79  15  538  771  493  970  848  473  188  584  604  667  320  786  737  649  106  760  20  970  524  782  664  363  64  658  109  426  720  206  758  349  249  230  73  980  105  943  274  784  575  793  793  342  1  499  394  388  8  994  499  703  785  429  167  559  869  976  721  855  687  819  669  396  349  719  656  122  488  452  327  750  206  794  13  771  247  674  871  196  116  263  793  923  851  999  811  972  
871  752  790  209  213  593  569  946  297  966  24  200  391  471  276  7  933  510  837  774  869  171  603  316  937  493  76  425  95  191  872  414  812  893  465  602  5  914  54  369  560  568  87  331  281  194  690  727  936  817  684  770  504  985  451  136  875  752  832  758  129  379  698  617  623  652  621  198  651  219  354  791  78  96  376  471  83  675  176  578  228  560  838  948  899  898  755  301  110  523  304  181  892  941  845  506  572  632  359  498  460  745  759  103  967  875  279  887  832  548  960  125  411  830  232  584  115  73  543  853  286  562  96  707  164  538  876  835  486  86  993  730  180  86  50  629  775  731  889  864  445  370  176  507  842  504  580  857  571  561  402  518  254  714  412  916  678  382  988  490  323  672  385  314  126  151  215  485  338  383  201  502  573  513  761  280  46  321  344  356  8  520  82  362  924  14  224  204  950  573  705  962  110  325  930  445  895  159  810  588  
20  609  819  340  333  981  522  56  473  646  224  781  702  736  473  135  923  50  657  230  63  955  230  431  755  462  537  680  666  276  302  116  609  61  547  671  840  714  582  7  280  530  294  279  719  942  139  265  959  963  186  726  878  332  985  509  118  258  449  583  91  401  129  347  653  455  526  11  843  220  104  1  576  865  568  687  954  423  878  602  108  756  944  42  78  92  852  161  891  66  926  317  408  650  269  164  988  156  455  867  514  767  413  955  19  968  250  160  193  237  468  887  39  378  357  692  460  711  444  877  502  148  68  655  442  178  222  347  930  32  698  836  816  14  729  39  615  66  470  487  504  685  923  717  754  744  487  169  355  144  485  623  475  611  920  632  256  46  282  908  731  110  772  457  793  967  544  531  558  275  554  368  420  906  589  118  794  659  641  420  776  509  26  146  406  236  53  270  251  299  203  483  811  562  136  471  842  956  429  274  
38  368  281  559  25  850  142  800  843  30  800  866  326  56  560  298  859  522  967  586  234  803  878  309  718  729  706  650  903  891  21  80  737  325  567  983  714  544  212  22  497  389  263  791  962  734  372  779  822  82  802  331  919  771  463  548  992  62  742  678  59  294  732  801  645  436  497  469  876  623  241  181  32  301  50  582  927  227  487  185  675  791  851  411  814  95  450  726  814  333  569  14  339  258  918  690  44  900  770  100  466  221  98  143  93  833  933  92  834  396  872  537  718  933  805  687  20  603  82  286  314  595  430  695  922  427  734  965  92  198  910  729  857  460  699  241  26  157  165  621  271  955  570  998  787  273  860  650  100  835  997  368  913  403  601  708  917  5  674  488  56  920  425  920  708  906  8  592  380  214  652  964  961  981  976  891  798  598  613  393  299  35  981  416  24  610  103  531  175  852  788  174  491  589  840  349  632  617  180  87  
568  912  257  14  228  117  767  558  140  249  755  296  221  70  959  187  73  195  835  477  973  676  185  331  195  58  566  579  528  622  84  994  816  37  53  199  645  313  123  931  103  933  618  651  813  514  558  163  305  538  329  161  210  240  860  627  275  914  463  54  953  885  76  61  401  596  662  474  816  204  735  284  996  894  758  765  40  2  792  446  493  620  797  705  995  966  915  275  111  322  128  652  566  690  336  932  872  78  135  972  288  321  816  894  760  945  500  594  153  401  727  159  71  604  740  938  43  320  696  309  379  301  164  319  908  873  332  532  439  289  780  737  713  62  651  110  797  201  759  560  132  964  512  442  357  279  201  287  55  940  272  679  963  256  55  812  310  118  379  127  420  753  322  820  489  365  441  495  536  459  531  241  63  583  558  443  313  192  288  373  315  612  295  484  635  885  389  814  377  916  866  347  841  600  52  226  881  507  297  629  
630  738  717  906  155  975  855  302  457  220  821  400  210  101  433  912  566  347  667  914  9  961  205  59  156  469  430  342  584  716  862  388  937  578  848  862  247  838  253  840  71  830  469  963  384  539  249  327  370  851  828  260  697  479  224  443  360  577  268  742  383  140  547  8  615  40  152  754  460  424  293  531  449  554  307  364  402  490  596  629  858  755  588  127  845  892  750  207  216  170  251  356  573  583  301  261  522  695  577  218  401  27  19  837  906  437  756  796  100  750  806  487  34  791  88  352  938  2  468  364  298  252  262  484  644  945  328  248  496  844  264  889  287  154  723  521  949  226  938  826  745  819  43  247  567  490  939  491  620  30  782  964  425  217  585  715  776  950  879  891  123  370  640  532  141  993  104  731  392  133  587  312  181  645  918  835  323  456  49  139  862  660  360  101  272  432  209  621  798  114  632  572  905  709  301  999  149  731  7  791  
670  155  610  450  246  96  452  510  851  309  734  573  509  40  702  50  325  754  409  350  697  480  965  646  101  810  348  717  379  814  796  90  827  256  388  326  757  815  889  372  867  703  719  13  908  446  723  495  51  421  437  897  958  526  659  213  722  317  560  67  900  644  731  862  690  646  12  278  968  640  137  673  391  487  959  446  864  842  196  488  422  765  433  259  97  534  477  14  918  336  677  525  260  338  744  17  841  100  30  318  219  509  896  282  891  123  762  77  676  808  853  489  898  285  850  207  909  510  649  979  924  25  167  510  246  756  622  318  123  595  894  588  177  531  945  249  964  126  437  334  149  771  514  199  571  265  339  722  734  488  529  98  39  572  451  483  710  806  130  793  172  705  969  282  287  598  401  772  484  405  474  260  798  497  302  60  716  446  912  440  433  329  386  862  709  940  964  799  97  916  240  318  448  665  17  436  969  450  964  422  
0  747  23  652  916  876  407  262  451  535  214  69  266  445  440  155  625  901  382  984  611  666  708  314  563  424  237  832  98  699  374  659  725  140  840  745  538  738  871  352  91  368  951  636  836  528  783  77  527  996  813  480  735  700  57  671  409  137  894  696  758  893  491  967  933  837  471  129  213  549  523  870  784  78  313  761  108  158  314  616  547  372  430  691  874  614  852  147  414  937  162  936  978  132  654  270  21  362  386  21  841  546  454  372  494  92  320  946  557  947  742  200  81  849  252  798  807  843  81  577  526  147  612  61  569  596  372  733  42  557  277  76  793  293  766  175  626  495  678  993  916  26  119  858  613  624  372  805  675  937  532  261  397  531  720  147  416  512  401  318  822  229  306  136  105  778  621  657  446  682  465  155  348  833  865  385  771  789  328  364  961  346  169  227  463  766  755  918  107  278  744  143  159  171  775  982  878  589  920  416  
463  858  309  947  866  250  848  345  815  138  278  590  414  732  19  551  928  111  136  449  421  128  695  163  831  37  895  218  412  274  282  143  713  586  564  686  177  683  247  318  285  854  425  600  261  897  951  22  421  715  995  521  867  428  496  206  100  166  870  959  718  428  889  834  872  646  364  864  718  486  419  276  265  818  318  221  771  70  849  42  720  893  520  481  200  172  752  973  432  675  145  906  769  321  391  949  184  315  232  836  580  992  600  911  159  460  928  466  403  743  493  993  270  210  892  391  624  333  643  730  249  919  547  862  120  3  385  732  606  820  164  535  512  933  609  796  675  119  3  83  194  392  950  886  427  180  778  101  753  475  52  459  194  567  8  696  863  440  491  836  948  573  573  957  926  401  988  789  545  752  275  500  956  293  689  549  772  666  14  319  892  42  153  562  350  694  532  156  716  530  401  864  423  819  454  785  161  928  539  576  
526  514  812  440  836  794  722  738  859  349  829  370  23  326  732  157  59  248  868  901  80  262  886  107  228  114  659  568  813  382  363  800  596  810  283  412  102  162  285  18  349  907  209  234  118  459  850  743  380  18  171  913  842  648  776  315  837  461  392  494  727  983  720  145  200  91  732  259  399  3  862  47  967  96  744  818  669  380  830  397  973  79  573  113  188  788  73  187  103  96  218  662  347  262  421  384  462  361  545  194  299  191  320  919  315  47  198  384  558  535  470  49  458  212  375  908  570  70  29  368  231  815  236  309  676  665  368  295  203  841  584  413  957  84  392  437  527  484  446  437  736  894  508  640  654  164  84  44  177  850  26  756  623  7  826  639  7  978  779  500  393  870  572  543  546  836  506  389  525  628  19  80  525  543  685  783  543  699  320  686  356  916  866  965  485  876  153  735  847  167  627  993  301  85  41  621  85  348  370  875  
251  482  548  171  905  868  581  393  400  14  383  813  960  784  402  149  883  608  180  842  616  978  596  876  668  129  556  899  571  488  852  867  483  570  802  299  969  90  335  498  525  656  518  534  361  777  534  338  511  314  727  428  64  600  409  504  624  286  599  180  391  68  203  586  643  185  347  387  641  806  449  718  626  462  952  965  258  829  818  671  372  323  406  616  520  149  223  762  815  761  800  341  630  804  564  50  414  194  90  360  148  866  573  145  795  683  633  725  159  582  393  305  701  321  6  699  991  149  442  180  35  654  707  730  475  732  419  393  935  714  195  838  366  274  808  912  196  443  446  171  653  161  465  762  576  304  162  960  431  900  6  347  722  103  307  398  459  256  499  458  652  988  83  240  548  828  326  85  105  499  194  963  592  482  156  64  696  547  126  44  268  782  583  460  239  426  100  454  393  468  106  105  472  725  549  475  978  899  514  142  
142  679  401  184  363  582  862  541  504  758  823  875  539  854  752  50  733  419  618  118  250  115  298  154  134  104  381  483  323  835  969  62  967  329  471  151  3  599  333  375  302  349  184  177  135  282  38  81  850  597  273  729  329  123  968  330  468  129  224  307  900  743  655  761  465  391  441  364  819  369  355  449  765  429  701  785  725  517  469  701  472  308  342  460  779  998  840  195  205  357  808  448  928  949  856  35  742  421  666  962  208  322  597  183  385  322  90  968  505  842  209  11  861  485  644  443  644  33  885  443  573  727  619  558  884  423  648  9  27  758  46  398  501  685  983  614  558  103  116  649  902  438  549  357  228  211  120  137  615  912  373  173  152  844  37  824  899  890  866  277  156  718  778  835  23  294  53  504  71  16  454  9  648  806  383  777  593  226  324  875  720  351  442  821  802  751  152  995  74  371  187  557  886  154  344  63  161  416  211  427  
930  258  84  620  100  652  329  665  543  415  670  533  661  386  441  783  22  116  122  571  612  580  111  436  275  685  94  20  536  529  772  745  2  288  483  438  94  845  47  115  980  117  681  138  79  805  309  688  866  80  246  211  686  770  762  630  360  779  352  358  719  995  269  920  355  454  862  738  881  125  855  850  187  609  882  663  836  284  372  954  985  270  65  552  771  296  15  47  786  617  352  42  219  163  890  307  769  553  929  261  250  584  172  347  56  38  532  231  160  851  8  819  991  907  350  534  600  348  132  780  779  323  236  556  16  717  6  575  48  756  512  594  300  609  625  904  103  657  979  624  910  461  198  830  137  650  113  544  809  217  139  535  496  995  48  984  193  221  727  22  692  956  408  62  124  486  987  439  60  269  819  252  259  552  410  567  769  719  46  371  569  83  73  534  486  223  790  753  586  143  111  222  722  292  628  261  901  217  765  690  
611  566  601  727  242  110  671  130  812  815  145  210  492  285  81  843  799  507  12  12  584  719  947  745  676  97  632  450  660  8  333  95  984  33  336  438  80  909  323  443  446  253  247  355  520  165  625  884  353  402  165  444  831  185  135  325  839  910  312  482  692  909  949  721  647  201  388  477  200  127  488  255  35  662  915  824  854  277  539  909  695  280  661  239  730  961  150  157  919  375  553  993  690  126  730  517  732  898  929  744  551  265  875  264  255  541  834  861  52  938  604  224  964  346  113  198  965  386  893  117  80  801  190  426  73  837  512  29  267  369  828  474  617  151  295  820  655  918  495  711  566  552  272  522  670  139  396  784  118  578  25  586  543  247  363  138  502  791  251  494  320  738  48  704  553  109  218  502  877  742  558  274  567  691  138  952  303  128  658  111  830  131  907  238  478  389  157  701  989  600  430  821  120  120  73  565  139  295  742  346  
262  496  691  914  396  535  96  517  309  604  263  344  299  186  650  279  474  744  871  918  913  396  247  109  213  655  716  350  204  953  440  420  702  369  378  682  824  8  356  588  115  499  160  710  497  100  32  808  704  132  805  226  918  823  912  474  180  483  20  983  512  302  196  801  802  348  376  103  760  754  323  620  997  970  592  838  716  715  123  109  250  500  268  157  953  108  213  296  161  473  717  387  122  772  741  139  308  941  80  20  7  89  632  206  414  844  347  716  958  356  429  594  437  876  870  834  374  585  12  715  697  61  835  263  398  973  489  224  18  105  79  6  706  328  577  703  236  190  830  508  134  771  794  611  726  792  681  238  472  697  343  664  846  137  283  983  825  543  874  595  302  36  79  537  756  37  512  660  674  747  76  993  966  924  664  149  367  133  313  909  196  175  995  793  693  996  864  263  839  684  997  800  294  760  374  912  290  650  354  167  
404  71  297  327  594  554  665  866  406  103  584  194  349  448  452  292  355  375  102  826  875  561  846  243  620  59  623  169  56  244  835  958  862  767  73  372  839  699  802  912  493  672  348  514  984  937  662  132  850  920  794  492  194  930  152  544  166  73  415  565  977  344  366  716  724  390  553  282  320  402  151  474  922  687  296  1  272  876  116  669  648  627  591  91  455  915  72  28  198  941  369  771  737  800  721  965  746  185  524  373  130  554  684  764  600  261  705  914  922  902  52  27  71  811  329  721  535  136  923  313  986  131  497  733  597  657  38  454  900  859  678  955  657  816  948  90  594  840  977  82  73  403  424  371  157  420  372  970  277  869  722  613  501  560  163  375  657  215  930  833  166  304  748  374  312  777  653  305  678  732  422  412  330  223  540  423  596  459  477  836  654  318  980  907  74  583  652  447  928  765  856  652  324  413  705  683  284  191  977  43  
87  412  420  486  32  893  934  765  426  643  23  761  397  510  987  583  903  76  335  247  503  545  78  345  754  317  849  333  560  943  789  342  632  308  341  809  312  515  368  840  393  152  694  861  39  715  5  957  743  668  448  340  769  878  102  318  124  357  184  265  384  661  124  693  31  592  343  916  333  868  904  924  831  687  431  622  240  367  900  202  102  483  59  961  962  535  357  62  790  784  627  842  562  237  627  884  175  677  669  713  428  819  855  269  743  619  813  294  355  632  788  912  975  35  109  651  696  770  783  678  901  827  797  886  151  59  959  815  676  143  476  381  953  206  828  799  860  729  308  841  292  120  779  325  432  51  177  286  4  433  632  248  43  24  346  735  942  794  162  506  58  665  758  171  39  823  866  631  860  292  600  53  832  540  307  284  740  188  436  741  317  713  19  674  597  166  223  465  256  184  296  138  516  63  321  401  882  835  380  255  
546  976  78  659  603  448  225  41  991  820  624  789  108  551  37  542  447  70  118  898  132  200  31  521  680  718  681  104  575  942  791  789  898  610  457  994  40  448  649  920  621  126  99  386  904  429  618  626  174  751  797  347  644  637  497  605  529  753  712  127  546  612  535  532  624  662  269  172  948  976  743  814  426  55  128  895  187  144  254  953  828  530  312  763  676  652  459  465  19  52  940  816  822  73  840  592  447  518  318  222  394  884  966  77  770  730  92  1  361  948  284  855  430  893  505  420  473  266  153  385  330  396  160  376  200  537  685  341  85  648  521  924  558  128  555  187  345  76  873  555  935  964  874  705  993  475  998  595  518  49  862  553  946  21  872  954  419  200  603  304  13  408  657  889  750  327  578  811  67  112  437  763  792  38  258  161  23  305  51  444  88  414  152  662  471  945  473  35  764  754  182  451  571  121  451  578  707  655  759  513  
580  482  964  946  225  557  145  813  446  74  778  506  891  157  961  178  630  78  126  87  502  562  354  820  99  511  969  682  444  426  638  873  840  231  928  119  646  244  514  680  464  363  81  530  786  306  6  411  537  144  987  753  862  294  34  478  41  367  241  151  722  78  850  479  363  403  207  964  226  337  331  110  139  247  571  511  481  984  211  244  85  34  349  246  495  440  604  685  745  540  6  338  652  253  576  335  498  776  604  974  346  782  414  835  497  98  732  702  606  821  627  721  910  872  358  282  70  605  274  477  343  123  629  394  988  220  572  254  767  652  516  577  785  712  112  827  64  233  209  131  978  780  796  950  752  671  732  680  814  257  169  667  791  903  681  417  662  991  130  959  127  195  313  376  371  51  133  610  683  991  733  906  627  184  184  151  992  346  915  45  428  361  124  857  118  644  910  908  727  234  805  654  758  103  161  664  318  283  528  613  
941  720  292  622  229  815  884  785  520  750  525  813  596  487  553  413  998  703  768  934  410  777  667  583  9  159  16  580  363  412  894  439  300  137  66  36  883  787  811  766  845  45  384  139  921  272  490  314  76  875  268  348  996  312  238  294  818  372  592  545  961  194  612  884  523  238  420  231  258  673  739  300  771  638  455  284  815  815  188  148  372  653  100  962  169  98  442  783  926  12  871  507  673  929  411  0  405  458  253  420  181  645  774  374  887  387  959  948  459  18  59  455  138  992  847  68  180  885  893  47  466  363  624  182  42  509  986  367  512  105  169  183  193  451  505  464  291  136  827  622  249  692  346  95  227  80  686  437  666  867  937  329  616  820  775  333  294  857  404  173  207  799  893  323  546  583  464  735  709  769  255  855  188  832  263  264  889  802  847  497  510  754  108  17  646  723  433  989  353  331  140  631  342  1  148  293  514  869  846  317  
783  43  599  459  713  964  500  759  921  73  669  638  596  700  808  67  902  933  809  233  640  565  159  16  297  971  658  417  512  441  496  328  999  130  552  981  347  770  150  255  888  706  588  502  146  518  401  707  542  269  107  806  94  413  849  339  268  392  443  723  806  702  203  610  303  49  716  546  847  783  408  764  96  312  793  62  513  404  877  501  560  159  652  224  304  605  173  294  907  908  476  646  40  914  312  977  429  756  522  534  992  543  576  642  247  271  966  457  407  586  870  342  378  264  631  890  434  42  569  125  322  676  856  286  771  367  902  768  899  175  123  924  939  294  8  69  295  388  74  484  920  788  25  856  742  28  320  249  903  752  703  234  613  643  643  817  43  939  912  852  455  775  53  313  739  488  901  193  822  426  750  259  32  318  178  745  762  373  851  465  163  531  388  258  528  381  634  217  923  824  945  111  924  200  803  464  421  953  323  635  
670  518  88  657  929  676  61  532  905  497  589  549  763  255  59  226  359  295  424  162  712  763  630  263  325  93  449  479  716  869  301  118  909  155  563  635  338  321  589  189  14  764  640  722  435  279  890  645  790  788  9  2  717  336  995  750  848  218  324  680  277  224  529  997  486  869  171  493  533  131  263  584  759  569  907  756  950  345  691  103  801  809  153  235  278  803  347  786  816  291  22  991  371  909  345  679  964  865  244  90  254  308  615  450  631  476  743  663  1  32  635  76  172  1  869  673  361  608  580  470  993  238  53  329  715  354  634  221  829  914  235  639  842  114  897  117  434  578  458  606  15  15  118  320  691  176  200  50  871  891  384  238  359  564  877  610  249  89  832  780  180  557  123  872  253  327  688  831  436  462  647  269  69  523  199  343  962  99  822  472  478  608  316  855  925  923  585  702  992  24  774  352  812  637  793  136  74  120  930  179  
841  53  138  394  958  353  372  406  158  998  948  215  986  602  291  675  193  326  325  640  84  833  137  590  563  423  439  148  365  145  633  693  924  130  128  62  311  859  775  376  537  627  636  12  855  935  579  456  366  658  365  156  18  649  421  385  404  894  891  223  667  606  314  329  363  353  444  568  451  142  461  912  856  472  284  435  983  681  222  488  784  674  789  512  998  740  878  653  507  430  200  207  480  139  400  652  945  799  130  914  655  334  386  116  488  329  888  16  105  470  849  225  355  522  650  822  603  670  744  350  988  852  667  710  799  268  177  416  50  703  270  65  271  79  337  856  427  897  58  222  271  544  784  230  91  231  399  171  62  155  190  392  986  155  375  752  885  669  479  635  402  774  781  369  766  933  424  486  70  404  112  58  301  212  319  620  628  477  665  610  586  159  749  48  539  879  808  362  677  177  391  264  181  247  386  373  696  139  833  27  
526  423  94  576  384  230  105  589  458  318  418  312  724  461  457  992  842  893  274  576  148  790  749  555  576  326  969  930  602  87  224  844  749  773  38  419  284  162  3  559  73  808  80  553  311  43  414  670  603  513  226  454  469  998  180  680  581  960  703  988  472  675  507  316  401  730  414  816  348  676  49  332  766  383  718  240  848  179  768  485  674  205  627  735  725  694  714  187  297  296  663  262  485  237  485  775  580  563  561  10  884  576  527  650  227  902  241  530  122  243  354  1  291  111  753  272  479  891  513  560  360  179  813  653  325  903  353  193  100  964  139  438  817  250  456  516  85  345  572  803  962  437  873  750  835  259  672  340  72  711  886  20  390  788  69  948  125  822  364  614  172  32  449  104  527  725  706  974  496  101  875  783  476  366  777  512  140  948  581  192  659  551  885  74  407  391  548  104  161  231  873  803  871  579  942  884  25  735  591  845  
64  501  410  961  474  946  118  372  147  958  523  616  317  159  545  662  24  705  485  573  164  20  374  170  891  745  902  733  388  978  564  131  242  6  494  869  499  613  979  205  580  502  78  664  146  643  591  700  251  533  340  967  51  218  557  737  603  47  949  696  99  803  796  758  760  339  738  193  801  595  869  574  483  999  675  867  365  878  539  864  29  328  870  601  729  148  11  371  762  569  968  184  947  439  741  257  415  864  930  599  688  56  528  709  972  670  869  862  354  14  337  126  483  661  846  784  491  672  836  540  934  641  138  578  127  880  529  320  492  970  714  947  645  896  920  605  900  526  952  244  334  966  573  643  79  856  280  631  148  641  764  160  90  22  335  338  788  443  221  895  873  988  207  219  940  366  121  659  845  475  120  90  341  305  570  170  687  774  592  35  385  546  734  660  986  905  820  139  301  916  781  370  444  826  948  872  360  456  502  33  
92  66  786  60  82  13  589  943  773  923  859  752  334  625  976  26  177  88  572  930  975  726  436  430  895  377  253  521  310  568  756  373  510  806  985  853  314  284  730  846  95  257  372  642  773  800  948  776  589  263  339  899  918  599  288  701  104  509  199  792  105  548  863  10  357  308  633  618  224  779  125  579  695  310  503  380  965  661  326  609  481  808  741  65  621  450  3  189  505  905  5  450  390  238  11  347  183  63  527  7  985  278  1  466  987  526  416  266  232  882  668  281  433  426  143  729  232  602  538  329  40  9  699  59  568  515  995  151  870  211  542  999  832  609  572  968  381  644  732  378  50  260  112  164  857  206  524  359  844  541  56  701  631  465  533  142  132  135  684  63  959  661  634  783  850  96  440  183  467  404  910  534  128  599  192  78  637  658  416  927  637  853  339  141  756  790  328  56  765  54  794  272  823  312  927  179  282  871  650  653  
440  819  715  723  990  39  661  700  537  650  952  220  462  840  869  973  898  284  327  949  48  636  305  407  817  449  714  174  901  226  845  557  151  836  45  804  903  240  270  648  257  473  863  122  451  424  411  698  108  78  462  24  880  501  669  686  880  659  430  173  14  252  255  155  750  979  370  502  608  414  846  856  793  67  353  167  417  970  841  575  200  0  946  654  914  372  953  843  170  443  247  836  954  931  714  683  360  437  709  677  796  268  784  207  390  69  514  645  516  514  834  0  817  167  622  90  537  695  58  465  137  235  754  38  372  969  51  82  112  126  275  700  336  632  449  513  850  74  263  344  351  604  868  89  787  94  830  81  90  601  532  476  939  122  138  832  425  628  398  882  924  145  311  592  599  156  677  2  554  502  691  197  807  276  1  926  818  185  846  623  169  869  979  673  347  425  403  950  837  646  438  41  863  858  237  77  477  238  23  607  
370  14  602  960  559  269  342  667  305  389  75  80  457  16  418  986  285  879  201  235  779  804  64  2  669  125  401  694  264  72  101  706  566  949  41  341  260  917  999  308  654  581  520  31  758  967  423  45  516  317  401  916  871  346  377  281  106  807  24  72  218  983  729  913  435  968  2  567  273  30  287  958  300  766  713  601  150  540  20  813  958  953  398  581  239  924  90  874  634  12  861  71  831  127  880  127  803  642  971  699  859  646  443  12  543  411  515  641  738  892  614  342  550  638  388  977  500  518  882  482  97  614  708  918  4  468  254  928  315  264  808  789  614  119  407  298  139  784  720  860  728  419  784  732  48  593  679  293  356  116  252  203  83  636  161  386  804  890  478  776  896  773  403  24  877  654  871  476  348  594  246  974  260  541  288  611  320  125  36  612  923  666  915  515  4  831  681  607  788  173  293  475  924  957  634  721  580  200  583  646  
