

Matriz b(Execução Sequencial)

227  272  979  195  183  801  1  647  276  552  882  160  691  492  504  769  76  139  95  301  196  458  999  277  425  778  451  906  128  411  206  979  511  808  93  612  815  222  119  907  585  522  961  352  194  23  815  984  305  704  621  734  589  904  899  887  99  179  879  416  372  169  12  934  102  999  648  402  65  281  171  767  378  120  907  521  868  884  860  84  817  422  837  326  793  805  951  162  66  963  726  802  397  603  850  16  913  1  55  1  
769  45  71  463  744  94  18  961  981  55  812  873  665  385  317  729  197  549  566  987  129  460  326  364  439  925  20  917  974  762  839  774  467  127  442  302  857  959  483  35  753  509  962  978  197  29  719  940  142  629  852  182  349  987  97  307  687  660  439  472  641  573  940  219  179  802  61  481  833  209  930  275  420  170  234  940  816  573  696  610  454  344  37  790  130  244  21  569  543  475  494  517  357  976  434  206  749  410  366  491  
131  518  274  877  82  785  825  283  846  671  67  350  171  67  958  352  611  835  836  156  812  614  349  50  375  893  620  146  157  988  495  2  356  228  81  493  863  550  866  170  84  957  982  598  671  984  658  503  924  932  554  783  938  866  56  473  355  66  472  475  639  771  791  327  352  397  921  72  448  997  161  46  918  349  163  933  464  350  997  304  530  410  125  22  405  186  964  207  347  9  264  741  423  44  79  969  825  782  615  584  
983  507  874  730  375  593  383  848  569  743  372  727  345  835  167  229  785  971  972  439  718  271  161  220  737  41  765  90  86  923  750  915  953  748  770  219  980  270  614  265  253  711  34  56  780  393  621  689  3  576  381  182  206  272  38  845  265  369  764  527  545  504  380  284  122  963  588  757  760  344  923  510  722  74  635  318  632  610  947  412  413  78  953  768  463  792  557  787  339  302  240  219  798  993  475  719  911  540  308  316  
600  923  235  546  859  437  372  574  936  192  405  916  820  40  374  352  142  283  64  817  172  956  78  635  954  386  488  528  914  668  791  235  687  347  187  440  867  476  887  531  857  248  238  371  477  578  879  619  807  477  564  29  822  919  561  267  649  934  559  60  24  566  24  327  418  764  252  158  560  841  242  722  654  510  11  903  314  969  41  677  285  690  53  570  966  468  197  7  70  979  308  925  102  862  731  491  44  217  917  984  
117  27  585  951  740  166  480  908  808  848  838  913  956  845  382  741  584  543  638  114  445  115  610  993  318  361  532  500  666  168  57  568  862  603  942  709  702  588  209  276  484  180  420  932  185  308  677  216  913  995  97  192  60  524  86  659  38  674  0  126  135  339  531  908  438  367  607  865  713  484  202  420  936  648  319  673  520  489  684  169  907  612  561  631  972  872  572  183  736  414  378  196  248  592  176  350  483  563  991  855  
17  242  206  665  554  520  73  38  500  98  736  979  676  414  506  585  619  380  360  193  682  544  846  812  681  361  652  68  400  66  299  667  505  994  514  550  812  881  184  101  178  681  236  25  422  710  353  75  117  164  773  181  598  53  744  23  493  995  858  25  153  832  389  512  557  871  898  279  860  94  527  354  301  699  406  778  950  624  825  440  205  740  161  592  274  560  45  156  560  842  392  761  474  417  811  50  674  95  634  248  
269  580  283  498  858  244  904  479  497  775  998  333  24  512  462  900  377  469  784  221  815  882  272  153  775  114  601  303  836  732  605  253  946  878  326  593  524  992  175  205  953  967  956  350  345  364  953  455  750  649  686  327  934  927  711  859  252  695  25  297  486  403  664  242  105  320  542  355  936  43  799  985  180  565  784  382  693  828  973  604  975  543  505  141  480  197  560  989  101  291  449  980  300  64  903  748  333  527  7  939  
513  105  619  285  765  396  757  794  400  227  312  63  295  387  159  684  977  928  985  801  278  66  900  646  396  863  238  285  425  494  867  854  644  269  697  863  55  936  743  358  13  935  684  149  329  282  275  176  551  244  868  869  963  25  110  433  687  596  665  771  83  874  616  783  237  853  867  330  752  374  283  381  288  490  630  432  987  128  474  340  659  468  318  444  385  371  92  289  267  123  363  737  606  606  649  244  631  164  126  786  
66  545  227  948  534  114  521  318  568  823  535  933  476  702  571  579  826  356  593  660  580  792  177  155  102  798  571  966  414  869  790  468  443  510  470  223  130  561  379  689  420  221  126  911  411  484  807  284  755  217  961  36  389  471  647  286  399  255  488  300  7  477  254  698  550  0  173  289  217  964  222  423  731  46  827  341  103  19  773  613  192  893  553  421  883  828  417  204  524  252  942  40  854  104  51  730  71  396  854  167  
799  887  287  899  577  973  475  548  81  543  618  776  438  525  68  476  345  738  730  523  483  610  937  279  326  963  745  423  178  684  795  420  903  958  778  577  754  806  633  536  904  308  418  75  687  284  190  869  964  775  176  790  839  364  899  740  347  656  772  405  858  599  75  830  86  253  779  318  921  94  849  164  22  838  25  329  824  855  171  12  320  821  461  673  580  383  42  668  507  364  880  296  813  382  383  711  767  128  869  356  
420  968  927  549  407  617  610  358  934  713  56  484  896  289  622  528  806  934  57  667  999  738  400  892  206  384  181  355  23  987  974  97  455  129  96  454  272  809  771  263  43  478  680  362  440  943  22  399  697  253  156  445  934  432  585  765  41  630  520  247  209  257  432  248  412  460  839  669  244  242  494  622  701  475  311  234  125  675  547  754  641  601  152  285  833  169  255  936  98  582  844  31  930  192  599  549  976  381  512  780  
824  720  815  921  614  771  177  655  963  353  879  6  307  781  120  407  559  744  30  496  437  867  702  679  5  634  969  252  487  889  384  7  464  822  156  299  476  778  115  814  189  805  751  766  929  685  216  129  241  331  818  712  54  138  193  818  967  373  872  841  261  219  514  67  927  513  640  992  665  517  216  762  735  227  318  421  712  62  485  669  230  540  126  735  273  262  977  725  611  123  593  449  470  368  946  276  754  238  686  340  
675  200  4  560  910  895  522  377  572  715  129  576  288  777  447  774  826  100  963  843  838  489  880  30  910  123  444  278  524  47  403  667  764  477  148  916  446  428  741  982  161  353  522  757  563  364  1  594  373  39  201  953  731  35  161  366  682  952  541  884  521  529  138  953  338  715  107  402  290  360  84  990  124  795  860  577  812  370  608  368  62  987  689  51  983  221  992  228  940  812  128  723  791  640  481  27  960  163  853  925  
191  181  211  422  335  310  385  576  94  727  327  298  530  421  95  117  262  27  136  76  617  51  417  646  999  504  826  380  273  219  751  889  120  64  958  323  23  717  543  661  262  767  707  206  587  72  797  818  811  329  710  218  862  583  37  706  640  725  746  968  731  582  395  204  618  470  624  248  281  380  825  389  328  278  968  935  942  193  969  991  570  554  310  147  557  278  494  243  795  243  165  635  169  145  151  32  864  593  934  897  
695  392  660  788  383  567  738  961  831  755  910  591  600  204  907  41  747  796  131  725  135  813  983  521  318  839  519  522  135  182  140  954  78  572  587  253  175  640  77  880  107  114  369  295  25  889  731  802  901  692  845  811  526  993  27  982  912  101  437  205  986  841  614  999  315  845  826  765  462  139  348  505  996  427  764  219  912  55  560  841  725  386  850  522  876  786  935  607  738  406  183  262  526  222  824  461  952  78  245  880  
253  406  324  374  79  9  565  414  98  48  303  754  473  579  253  925  894  979  469  742  288  366  624  105  951  944  149  694  27  115  849  393  194  891  361  933  361  377  400  61  482  577  99  865  739  642  74  873  183  329  953  473  582  546  941  881  280  645  842  160  406  753  480  189  721  744  175  121  540  654  375  676  956  334  890  186  273  755  573  666  92  472  961  587  712  598  112  835  893  808  659  910  239  427  345  351  517  807  913  334  
158  68  488  606  638  723  974  250  405  75  587  115  657  645  519  920  322  356  943  107  491  836  44  284  217  678  93  701  347  325  124  40  585  632  886  8  265  740  36  411  901  533  359  129  705  594  593  581  104  610  726  980  982  150  96  622  775  677  322  464  182  414  556  876  763  277  166  646  724  85  936  435  892  78  621  48  888  764  360  732  526  476  383  516  201  819  276  73  687  404  43  559  411  702  669  636  910  160  338  691  
81  74  950  733  597  249  802  260  339  798  67  891  448  205  552  276  264  213  893  119  476  312  268  116  174  680  219  158  448  196  368  124  396  246  313  829  414  83  849  400  198  134  205  557  690  193  492  906  936  665  788  262  169  44  402  100  409  762  313  685  131  821  84  541  234  423  750  168  378  55  590  296  60  447  433  62  248  420  639  802  909  35  0  9  284  349  559  691  107  511  428  477  749  40  600  81  166  343  825  400  
237  817  582  794  762  356  20  866  926  36  694  56  818  575  75  428  144  694  754  756  22  930  304  18  145  697  290  133  813  460  518  243  954  862  859  672  27  875  370  549  505  890  476  775  228  873  250  955  81  131  428  516  710  873  801  648  634  978  93  29  931  184  385  107  231  809  403  94  284  702  942  419  971  404  189  916  870  164  49  410  563  345  83  334  104  446  226  796  862  89  725  108  499  544  125  246  399  663  986  42  
568  786  278  465  993  621  102  731  685  710  684  622  777  467  490  71  920  6  737  745  696  970  343  775  929  40  439  79  518  115  898  198  596  268  988  402  751  874  226  191  412  313  823  369  809  782  997  267  665  741  152  354  212  480  638  978  90  684  755  682  832  761  713  302  347  446  741  641  474  766  413  621  800  555  29  769  790  621  536  757  16  839  492  445  310  167  502  920  154  240  541  460  497  238  698  903  746  317  213  596  
516  117  507  361  549  686  995  737  108  669  440  251  440  896  520  653  289  964  12  254  908  168  264  863  21  453  658  93  445  597  143  847  442  636  209  934  333  720  557  485  959  513  296  686  301  964  938  951  539  522  739  503  133  136  513  169  552  794  388  180  239  665  192  52  873  735  698  489  215  699  206  505  771  381  741  669  453  487  4  469  183  901  327  25  496  811  820  485  838  434  428  47  460  183  13  24  811  0  562  613  
309  588  684  346  732  646  993  922  417  876  515  861  713  770  452  30  218  167  309  871  667  553  78  155  537  146  767  896  798  886  893  16  11  567  9  946  375  103  90  170  248  921  619  793  653  661  287  962  550  654  736  635  275  66  246  764  826  741  461  743  836  810  40  59  430  184  2  879  22  76  987  392  83  185  223  799  671  216  106  938  729  653  536  853  362  273  137  317  130  870  233  9  203  298  710  389  370  154  595  724  
182  890  585  801  737  407  60  554  427  554  404  426  38  385  450  306  893  547  842  235  621  295  593  794  29  193  603  760  874  947  463  605  563  164  159  305  756  616  231  934  461  428  30  102  938  444  842  284  318  515  590  625  560  813  671  422  64  188  580  441  859  734  731  142  145  943  417  171  200  112  993  952  465  404  254  889  769  211  964  225  954  61  248  645  63  868  527  282  855  782  60  875  880  590  123  507  893  126  667  940  
26  403  209  426  4  661  607  176  573  474  675  508  245  470  724  832  317  256  311  112  813  684  311  84  526  417  779  137  153  198  442  352  69  718  617  650  616  196  533  270  925  165  460  785  292  17  622  913  551  909  633  990  112  697  674  749  128  49  855  715  882  554  513  242  862  170  63  955  666  676  717  920  331  887  843  772  41  779  906  178  40  543  986  223  643  217  559  565  675  443  746  292  261  422  844  271  345  990  965  585  
166  690  138  538  403  742  564  162  673  831  117  728  981  738  78  591  865  49  796  854  42  403  322  442  540  439  231  675  889  733  679  512  809  577  48  375  906  181  987  109  369  889  778  830  937  346  673  794  424  532  509  693  498  677  73  305  60  872  935  89  146  219  459  628  973  725  155  164  988  31  379  307  843  934  878  969  265  626  182  653  651  639  116  237  46  357  163  147  74  278  167  750  690  923  595  698  479  915  304  653  
276  90  369  535  101  809  187  349  760  952  115  402  486  141  631  915  507  479  270  581  32  676  643  62  474  203  628  276  428  718  954  902  455  936  681  893  713  327  839  102  819  534  90  855  229  42  945  643  452  39  444  644  868  862  48  356  968  157  218  336  430  355  453  642  72  910  935  49  21  883  853  767  398  649  895  655  60  915  783  960  102  672  882  179  144  313  729  149  824  326  193  785  874  197  110  469  516  720  431  295  
579  578  34  181  908  662  112  934  263  779  403  79  725  712  12  437  314  856  786  52  29  434  613  299  693  488  704  973  110  914  812  12  33  15  241  171  377  543  183  472  530  71  83  204  236  593  542  873  733  768  503  591  364  965  601  34  345  657  967  44  915  816  435  546  785  382  86  422  602  953  761  369  897  690  883  762  7  881  771  664  724  580  765  40  464  731  602  891  772  788  279  902  406  142  544  727  505  324  581  498  
339  464  682  701  704  768  301  726  987  882  809  271  165  536  223  507  894  328  644  896  504  443  741  529  676  80  686  142  60  796  283  330  711  288  270  801  723  702  351  564  156  641  570  891  875  241  689  517  698  176  82  255  691  244  868  399  584  993  883  235  246  250  387  459  955  556  441  168  238  440  444  855  461  58  810  62  305  954  688  890  439  855  762  163  152  963  256  572  191  535  553  283  466  971  489  849  562  698  558  302  
365  848  640  780  739  609  999  646  797  248  527  126  961  320  190  232  714  91  926  198  957  844  381  424  262  275  241  751  576  68  794  871  788  452  432  159  297  82  739  654  946  734  290  676  269  121  187  90  103  96  168  607  941  454  291  96  213  212  856  202  643  88  761  503  383  616  927  347  652  745  52  338  612  24  533  537  606  84  548  885  810  615  597  123  755  519  62  645  323  901  729  102  388  112  886  802  258  615  753  349  
575  458  427  191  558  59  605  616  545  415  183  910  110  347  582  336  644  868  412  405  316  239  449  982  322  626  543  101  330  917  955  545  887  456  391  199  974  147  133  422  554  556  910  239  305  760  897  559  852  673  247  3  595  608  570  415  119  224  142  379  665  423  664  450  207  25  75  72  735  650  617  175  700  464  494  790  270  907  97  63  566  586  612  779  46  11  538  109  15  343  336  216  420  784  172  981  972  895  298  197  
789  574  358  111  540  703  523  334  177  823  106  650  406  795  286  794  976  197  260  883  831  355  17  376  376  276  723  990  481  832  833  793  524  739  670  929  549  189  577  579  470  153  248  245  546  64  75  770  365  169  997  390  970  944  828  607  527  456  594  120  675  646  356  395  184  668  255  489  627  814  3  729  769  412  424  244  947  765  917  265  497  676  383  66  997  258  830  833  390  959  412  584  54  750  174  348  397  901  685  877  
908  14  166  885  565  69  381  994  367  709  521  546  192  793  824  122  372  284  83  211  26  494  709  497  805  732  221  281  455  243  506  783  633  624  118  385  368  23  539  620  770  678  227  345  295  484  132  771  522  948  511  575  405  328  601  600  132  524  595  423  706  561  820  724  585  978  631  291  413  326  615  213  319  930  334  194  776  906  365  248  187  652  150  995  149  506  813  17  496  242  189  121  107  819  655  223  573  878  300  750  
696  231  868  315  731  230  128  113  432  38  33  959  340  618  139  234  380  23  236  624  349  618  103  90  476  294  925  421  708  282  123  22  813  181  190  815  146  799  491  587  971  709  547  657  209  128  115  208  472  27  554  696  190  455  788  400  266  94  548  466  152  40  142  463  361  796  538  504  766  71  92  650  45  946  760  797  861  571  922  945  908  275  36  998  304  327  802  887  33  213  375  865  301  573  50  630  718  377  962  736  
966  739  102  156  490  370  442  813  21  687  372  706  35  18  277  429  982  645  467  953  365  9  42  679  32  325  730  157  465  512  748  524  564  655  263  852  343  319  623  798  148  665  565  493  419  389  705  2  668  212  203  507  683  446  290  968  140  316  700  482  998  276  572  383  164  959  225  286  822  320  923  115  158  35  312  784  655  327  445  969  240  673  64  930  621  167  378  783  910  886  82  448  185  593  44  726  963  422  609  990  
628  518  152  642  185  65  66  886  26  188  995  982  963  976  341  473  104  936  254  473  986  959  241  866  590  763  410  421  781  314  987  913  134  279  396  764  663  177  63  979  274  361  865  460  428  678  29  452  241  606  946  66  555  371  893  855  18  111  441  656  101  886  802  353  14  639  226  136  828  870  563  379  554  561  907  343  373  429  549  703  258  156  707  965  838  13  873  120  623  81  318  42  927  621  756  36  74  673  934  648  
5  491  305  779  398  673  235  941  82  194  952  406  377  503  492  247  406  635  499  674  122  43  523  599  873  220  363  37  28  321  13  569  949  630  6  117  850  84  223  512  456  944  404  950  552  434  138  100  231  807  5  202  736  796  726  629  244  584  148  552  610  476  186  30  225  473  238  783  265  454  890  61  274  549  371  921  213  17  167  567  86  367  452  315  635  933  803  590  366  235  603  409  854  877  41  492  212  906  181  36  
697  92  73  103  85  732  330  197  922  81  1  789  263  445  467  241  553  100  476  799  251  42  427  236  190  216  383  207  571  219  519  56  109  649  822  699  765  576  477  693  389  165  795  138  589  438  712  48  708  525  231  315  854  785  241  318  60  866  959  603  394  913  151  31  305  130  455  997  277  639  416  325  232  250  738  665  173  974  925  636  953  371  191  295  684  20  578  401  814  590  21  75  220  408  402  757  857  626  960  560  
233  179  687  225  913  899  456  39  146  297  583  577  477  490  737  703  936  271  287  491  663  697  669  643  37  196  156  983  633  901  275  97  414  537  789  926  123  940  107  327  81  171  322  188  427  878  215  206  799  798  935  407  666  582  452  665  91  257  209  911  269  112  358  972  904  870  879  686  817  802  871  846  998  736  842  152  334  237  615  713  765  172  716  217  29  786  381  815  135  858  532  451  465  430  636  172  498  548  369  199  
233  32  550  392  508  939  706  616  628  584  165  276  461  487  436  789  771  664  980  481  335  29  939  326  410  692  249  950  9  808  198  732  134  939  566  73  143  922  847  714  831  221  595  338  11  369  585  512  823  868  861  853  71  357  544  876  562  301  106  438  840  414  660  297  636  6  234  508  580  919  853  218  149  967  39  352  452  928  719  244  39  739  629  157  682  813  208  777  550  566  762  471  292  865  653  722  431  77  734  350  
526  584  144  194  905  171  292  626  915  558  236  383  326  448  311  909  125  554  958  394  850  937  133  982  896  735  326  283  474  261  183  634  674  7  915  855  199  52  598  171  741  384  202  44  400  816  823  427  155  153  744  457  634  573  200  415  833  787  202  481  19  66  872  397  964  569  396  182  770  926  154  448  838  746  126  823  609  230  498  457  537  396  816  268  107  963  486  765  730  576  511  358  573  958  21  531  855  843  925  498  
248  654  299  980  729  376  652  380  781  774  867  555  482  760  147  982  951  130  883  365  136  484  183  336  204  231  163  144  208  559  106  583  676  784  501  405  315  790  968  192  680  981  342  399  539  377  884  475  675  123  547  866  374  929  295  346  956  161  461  863  282  802  265  681  946  934  197  205  927  144  197  13  654  918  855  431  344  859  265  367  12  668  547  970  481  372  459  592  73  879  887  53  346  391  844  932  158  918  126  120  
546  65  25  33  131  662  43  95  596  154  844  310  564  944  878  127  173  385  783  94  279  261  869  509  883  308  1  516  476  228  60  835  383  599  22  791  603  864  741  164  363  129  18  509  161  156  768  269  133  29  134  617  922  160  444  828  985  956  730  518  672  555  675  210  978  533  80  747  162  592  81  594  906  134  919  559  453  299  981  345  149  130  733  731  118  131  991  198  882  706  763  93  702  255  40  921  481  726  789  713  
932  915  196  69  421  580  303  983  926  66  130  935  162  220  176  618  112  506  770  270  296  396  778  821  434  157  669  811  566  527  263  413  997  164  465  240  119  206  293  515  854  596  98  267  48  489  475  593  634  834  985  993  999  44  73  546  56  296  665  837  5  949  627  796  113  536  372  136  820  257  46  702  803  309  825  72  890  276  897  668  777  975  297  691  196  176  621  160  172  477  5  130  523  410  837  696  85  186  17  729  
769  562  806  333  647  994  148  195  116  344  768  7  681  251  677  695  98  418  290  931  98  167  687  655  651  763  321  791  923  142  533  374  482  3  881  594  80  678  54  927  532  939  106  654  158  92  546  410  278  703  676  312  86  866  258  984  114  420  498  548  800  65  691  188  762  249  955  867  473  941  939  153  563  263  188  46  653  318  362  208  619  635  758  937  340  163  546  73  268  873  118  579  9  750  935  518  286  280  431  26  
93  772  336  221  407  970  465  18  80  436  795  588  286  626  333  980  776  909  900  581  532  205  639  232  656  386  438  353  929  468  762  197  626  511  639  382  332  86  55  781  708  418  936  819  51  736  693  524  871  325  747  769  598  702  154  528  258  944  395  601  736  160  400  663  987  449  550  386  174  472  472  693  806  301  614  545  989  632  306  589  787  150  187  936  207  855  578  853  236  804  938  234  446  2  493  765  92  702  921  914  
271  772  809  861  792  152  231  633  777  720  336  348  57  444  144  215  643  707  29  541  136  755  879  431  72  925  92  121  384  330  18  661  854  670  934  618  752  808  57  528  650  866  698  875  598  252  199  426  629  599  949  203  228  209  295  756  162  932  514  840  557  658  791  653  789  570  2  350  96  904  560  434  484  4  477  96  404  209  443  988  873  8  55  651  522  400  661  631  871  628  619  239  678  730  955  863  784  708  474  143  
758  396  966  690  725  552  469  261  400  312  848  434  253  672  750  225  240  438  53  610  483  650  427  601  567  853  619  70  196  95  203  720  196  785  633  941  134  379  734  328  967  740  715  920  178  228  768  1  632  279  84  650  979  416  302  914  524  983  193  7  988  601  487  364  328  346  636  551  749  698  979  220  915  377  95  617  15  776  503  872  600  974  308  658  994  747  399  830  417  717  843  110  541  508  866  218  340  732  228  739  
894  71  194  934  794  796  72  882  845  952  240  744  386  943  131  679  885  671  51  601  954  602  757  198  187  862  514  771  782  858  52  686  269  79  981  472  286  936  834  543  67  880  887  503  348  775  549  365  352  744  174  704  131  706  417  412  721  233  305  332  705  808  280  819  876  390  920  496  109  250  602  651  683  739  416  664  689  625  76  487  886  506  132  974  752  970  701  132  644  34  380  42  912  99  620  368  842  767  41  928  
129  429  587  723  593  807  478  271  268  441  294  34  836  265  288  782  533  109  804  745  487  605  791  743  321  294  76  38  305  616  74  982  336  117  921  739  826  759  6  896  379  972  278  50  221  384  592  486  982  840  218  456  462  382  989  521  367  406  637  132  557  460  360  605  197  447  209  318  297  854  988  880  945  934  409  650  126  885  790  505  47  526  780  293  551  305  404  499  46  110  770  668  723  366  591  881  403  502  341  617  
387  273  652  321  42  809  250  727  770  434  382  972  301  387  5  451  499  250  390  841  130  98  496  539  455  308  907  855  656  367  756  512  284  205  994  961  730  260  269  53  806  189  38  65  946  668  17  375  489  349  496  904  366  375  505  788  340  408  128  65  239  749  135  966  143  804  529  515  76  640  926  607  421  544  616  677  603  589  541  509  834  37  637  218  672  617  323  621  918  831  577  45  580  485  668  928  664  75  54  603  
918  19  250  898  892  680  602  837  916  848  708  504  245  936  179  517  547  10  402  719  762  853  563  397  306  618  286  946  188  734  149  965  331  233  20  210  534  961  326  684  754  155  522  749  508  920  92  11  371  160  368  409  220  630  690  615  639  768  865  535  967  361  449  494  487  508  16  658  400  775  824  910  951  362  323  575  451  914  261  754  500  471  451  773  759  446  769  831  870  964  873  508  972  704  792  440  406  354  354  359  
781  750  374  471  224  32  428  267  927  115  162  382  426  946  758  616  88  361  30  583  531  169  403  940  272  86  588  33  556  847  887  757  994  186  954  100  626  505  712  509  347  157  151  233  977  173  85  325  226  579  51  188  410  331  706  733  366  41  18  788  701  182  746  359  139  623  449  807  591  450  723  873  372  661  663  24  453  669  469  985  186  975  925  179  143  903  338  65  795  747  510  357  541  203  951  450  731  680  479  710  
461  614  977  858  446  551  375  80  394  405  841  336  123  755  624  271  6  161  880  780  466  218  684  536  249  859  515  746  254  571  560  140  886  9  895  917  116  567  739  819  229  345  853  93  394  986  295  475  747  531  319  611  792  528  527  809  499  154  553  674  289  698  191  965  544  184  216  677  810  201  311  159  256  278  158  245  618  839  528  37  690  259  123  754  656  274  684  349  696  674  189  823  968  818  89  13  141  207  648  504  
270  472  806  223  160  544  78  876  112  359  21  441  455  413  217  917  727  61  847  198  100  673  635  268  542  640  586  592  547  569  460  607  897  834  118  208  913  57  515  669  383  582  99  721  190  484  995  663  472  691  36  914  443  203  896  110  392  38  470  578  749  690  895  145  729  857  241  500  855  991  593  13  476  16  461  850  123  20  543  5  944  337  334  148  746  322  703  833  793  953  105  136  230  918  533  216  66  643  108  528  
703  342  2  472  435  49  593  833  866  682  1  866  787  930  738  576  619  309  132  945  366  365  822  949  884  610  531  145  735  938  498  289  659  153  332  873  431  309  593  817  392  217  19  795  660  68  124  474  827  525  988  129  42  838  114  13  394  466  987  311  893  107  449  362  232  924  387  637  196  136  834  918  279  198  667  620  663  546  552  287  335  408  737  750  362  143  337  772  99  944  363  431  47  50  331  607  507  196  953  368  
119  230  816  468  708  988  996  688  513  239  394  657  553  58  938  275  641  918  863  350  37  235  671  757  858  603  949  348  638  740  804  165  52  947  718  919  243  695  779  884  550  897  221  526  431  998  136  461  60  878  151  407  755  244  601  357  34  370  379  293  287  393  735  129  782  122  154  60  897  948  314  412  89  346  798  153  443  672  505  752  30  178  454  220  953  905  487  202  129  923  48  423  216  550  6  768  753  545  686  461  
40  542  576  44  367  80  17  22  370  93  192  31  132  336  960  143  955  262  252  520  614  714  858  188  111  79  766  245  323  362  239  128  5  898  198  263  883  957  234  689  681  0  513  592  626  994  809  246  5  941  197  533  723  539  75  162  686  473  169  589  741  618  696  152  773  699  273  705  578  118  308  142  699  581  864  972  587  733  901  28  43  229  252  635  580  601  384  756  611  7  782  796  734  597  447  17  994  157  230  832  
351  887  341  938  379  649  418  498  971  949  519  13  545  279  999  375  870  650  708  390  944  86  726  781  967  239  174  575  514  573  32  430  639  716  167  199  815  136  242  36  487  14  804  22  715  417  634  468  365  712  485  676  275  945  527  877  783  252  242  671  871  646  836  535  757  585  735  451  105  44  852  159  915  100  744  609  221  687  455  663  652  384  709  107  671  188  940  991  799  760  567  67  895  901  948  705  414  977  56  609  
255  499  485  582  418  803  551  4  691  780  364  644  479  182  193  405  327  500  65  905  966  591  192  633  741  45  22  350  341  130  392  157  28  233  912  246  472  559  724  802  809  276  948  78  836  207  317  328  793  20  915  172  430  453  59  52  612  315  902  962  39  39  433  75  292  409  865  731  618  619  388  46  355  500  211  410  812  645  436  887  888  193  316  167  19  45  250  200  522  993  982  219  344  147  352  416  562  663  765  256  
884  581  315  295  309  687  430  740  685  52  396  22  976  854  403  836  82  821  658  825  897  102  76  563  107  851  441  870  740  464  294  370  737  951  573  894  899  289  648  855  891  530  807  585  916  864  193  600  343  159  127  59  823  779  827  670  996  572  687  987  693  463  283  333  358  679  974  952  250  367  5  56  625  562  306  884  202  441  524  94  357  769  788  123  959  894  223  98  112  48  39  138  385  281  893  316  438  239  217  170  
140  876  242  906  412  752  833  780  365  400  311  220  96  333  102  971  429  771  901  49  75  796  270  23  500  633  657  820  894  940  59  118  550  341  258  355  576  631  631  451  441  374  158  739  669  88  385  81  164  605  8  495  816  548  285  870  610  427  580  145  922  530  584  626  132  181  33  373  567  69  753  663  186  193  949  722  688  350  633  768  810  464  340  249  11  204  211  100  247  964  913  78  852  501  108  961  3  665  603  908  
792  580  875  995  812  61  193  995  956  859  482  516  658  401  558  795  809  248  931  163  999  103  877  344  763  289  227  471  165  868  749  117  101  1  81  219  11  229  645  331  102  947  279  618  328  907  969  777  382  195  624  89  734  945  699  506  361  746  144  377  368  610  794  36  970  824  959  459  315  261  334  645  49  649  477  580  128  595  577  838  701  155  119  425  88  253  375  506  258  876  864  257  958  48  62  221  516  373  256  440  
984  714  214  38  914  403  488  552  214  459  922  767  379  954  772  423  969  559  325  778  651  66  239  805  620  649  445  899  671  516  497  588  526  887  875  794  852  92  380  104  134  962  17  103  915  846  218  919  845  420  306  358  736  178  825  568  367  361  628  35  958  993  918  677  913  104  280  164  980  103  701  146  412  98  480  52  530  129  6  621  640  775  32  739  940  422  297  254  930  221  70  832  837  96  363  334  206  10  746  817  
541  370  422  729  516  399  422  983  348  184  397  278  6  333  838  837  427  508  212  83  464  857  815  224  537  725  92  147  39  745  420  477  796  543  604  633  978  53  812  767  755  239  449  900  964  353  149  824  347  926  86  995  431  783  428  668  454  459  196  752  113  839  346  116  916  211  771  423  138  713  720  390  582  899  518  333  564  991  819  479  309  929  523  907  417  189  920  827  95  344  40  993  896  883  864  985  898  658  63  701  
392  831  925  945  743  533  394  468  923  916  643  831  543  337  902  469  916  455  623  839  241  574  548  643  737  310  467  368  426  848  859  841  65  513  95  907  186  420  951  453  277  667  601  835  685  866  229  991  747  680  774  941  999  490  867  321  670  374  822  415  103  121  956  78  487  782  995  890  292  811  578  900  351  289  289  400  906  472  370  44  193  892  447  576  374  881  995  326  748  774  661  576  693  593  382  320  295  119  308  575  
697  750  287  142  803  169  312  282  315  199  978  992  676  392  24  253  377  941  550  784  824  523  948  943  81  788  173  267  989  594  438  945  868  104  945  77  47  335  217  677  580  114  40  151  951  407  893  488  117  787  329  698  92  472  984  489  719  565  157  651  358  275  981  810  329  711  974  663  973  720  97  500  823  511  354  573  918  662  328  548  557  735  64  449  334  722  956  850  370  818  329  845  516  396  414  399  709  789  144  919  
570  528  786  956  155  248  202  167  589  72  967  935  718  781  142  127  672  100  484  366  879  741  478  67  164  940  860  715  956  288  564  705  691  105  266  328  594  603  789  32  847  297  805  362  604  680  593  850  496  706  501  312  881  948  992  779  995  12  75  427  617  34  878  257  650  553  365  877  264  610  471  779  962  310  143  428  106  510  731  852  320  697  122  37  948  265  915  376  835  826  160  235  937  816  113  475  445  556  717  607  
762  618  259  830  761  338  999  71  340  954  777  379  926  372  911  345  326  785  410  550  834  242  838  470  831  326  466  692  39  61  680  841  788  983  367  341  984  770  531  535  15  423  966  594  196  800  488  431  688  672  490  473  378  606  57  585  160  384  309  654  675  184  849  856  177  325  725  346  227  729  215  18  823  370  96  878  656  856  418  12  257  258  671  237  465  701  917  352  639  210  374  935  447  554  772  728  213  224  730  2  
190  852  325  106  919  616  617  721  989  96  848  115  283  267  597  63  689  736  215  470  753  199  753  906  462  46  622  349  269  476  538  930  221  605  299  19  371  923  350  785  790  581  838  250  370  87  16  874  448  165  18  776  546  933  593  251  339  792  874  842  965  141  120  709  925  51  332  291  160  648  451  200  193  754  329  51  99  225  59  234  56  136  746  858  764  630  796  62  772  637  836  555  248  207  817  831  304  87  452  132  
274  171  108  260  241  108  92  898  609  55  651  3  79  996  692  31  942  360  404  512  524  569  424  750  403  285  761  44  27  199  296  650  172  216  380  832  82  958  491  956  953  499  868  705  928  429  858  612  178  581  405  995  919  895  11  509  385  925  684  320  170  743  243  219  995  899  120  512  207  357  410  645  351  603  946  912  318  600  259  309  100  91  229  629  232  43  648  108  271  713  470  399  489  562  665  57  434  199  684  265  
158  707  398  481  806  745  424  637  999  856  400  445  177  356  238  441  981  161  716  257  736  238  106  606  765  260  183  248  54  738  836  741  330  983  274  291  90  682  532  962  982  329  287  825  373  549  221  971  241  286  521  622  761  896  661  56  24  970  976  509  162  807  35  978  655  826  954  504  736  699  688  997  807  40  35  316  43  322  158  47  88  14  341  103  253  259  251  729  247  735  568  388  355  353  750  994  105  722  147  515  
340  118  561  993  846  472  280  20  64  631  941  674  310  387  579  393  249  67  568  173  190  263  851  625  93  37  841  603  756  291  151  777  817  632  58  786  990  22  90  971  127  895  245  206  423  996  368  704  32  412  920  536  690  407  990  775  947  776  40  880  804  352  589  614  844  988  633  532  197  381  854  613  396  968  59  937  591  578  526  712  183  842  14  934  493  195  564  923  993  412  503  438  381  765  582  349  24  904  296  692  
302  202  487  215  37  29  547  798  922  83  75  964  898  969  719  924  517  237  593  785  820  526  329  7  11  743  168  739  706  519  876  28  581  232  729  109  211  345  681  401  836  811  699  281  884  92  455  828  628  692  801  548  680  666  228  641  474  993  861  436  821  188  816  138  102  843  593  115  85  962  801  734  401  836  168  955  121  569  617  524  616  465  705  921  200  124  313  462  182  111  396  867  374  525  162  177  469  272  138  788  
517  490  758  81  38  413  904  69  14  914  283  967  459  346  756  267  648  135  407  572  964  974  966  614  656  252  252  709  246  250  328  909  591  294  413  175  597  631  662  508  943  285  647  825  715  250  734  23  461  921  945  78  598  490  113  566  296  239  251  978  477  166  400  793  248  370  586  754  107  488  359  771  911  396  690  374  90  686  772  425  915  93  314  169  225  125  536  570  313  712  515  76  646  743  604  733  803  266  657  360  
948  156  149  496  355  780  280  683  22  873  513  573  301  606  231  199  41  502  655  676  80  932  424  0  270  713  634  781  53  106  157  532  285  638  110  540  174  873  148  650  962  304  553  526  472  250  652  693  571  222  923  472  993  231  181  897  39  305  198  549  490  246  180  946  224  650  342  190  149  679  660  561  609  438  73  369  479  99  189  248  337  715  7  956  567  805  24  498  190  722  386  648  933  90  16  662  50  348  95  512  
115  338  98  323  153  247  339  841  711  918  429  699  592  848  431  194  726  746  379  561  719  88  660  851  978  834  317  253  128  282  623  183  229  310  747  628  45  600  165  827  755  231  281  490  853  778  143  350  923  545  746  914  46  144  399  297  30  73  841  281  60  485  977  766  934  590  898  392  953  676  883  283  944  42  925  657  306  756  540  502  42  656  699  679  840  886  424  15  517  285  190  184  395  563  713  866  131  600  133  820  
192  448  511  316  273  171  85  68  157  467  417  52  894  633  8  461  919  181  362  489  562  520  834  445  826  799  492  31  639  991  750  506  632  23  855  187  707  830  149  280  488  842  267  460  852  466  318  241  912  809  593  538  841  383  135  356  283  254  989  177  159  646  306  352  372  53  846  332  209  927  608  183  345  533  316  291  311  485  169  46  824  238  265  543  784  463  417  945  180  651  408  411  343  138  413  273  600  175  353  603  
456  313  275  383  994  977  210  149  939  39  917  576  281  233  350  204  64  690  862  728  487  250  194  194  138  727  938  665  336  232  994  771  332  298  834  67  281  521  376  878  518  525  373  899  881  918  677  956  688  621  504  926  130  344  46  673  116  930  359  76  240  165  367  304  344  100  929  143  808  218  91  537  673  529  383  155  858  360  97  148  769  588  588  261  752  609  656  469  314  405  734  518  548  161  388  464  880  445  403  279  
45  607  469  811  819  152  245  444  562  387  463  576  850  250  318  467  444  967  60  394  704  285  612  100  592  176  875  909  442  519  853  264  243  756  676  24  318  862  316  555  11  628  681  907  669  5  258  779  612  368  639  99  585  413  428  944  744  719  370  683  599  479  499  508  645  534  540  403  262  750  495  522  91  190  989  394  302  328  483  433  91  608  84  125  201  971  372  320  128  58  132  360  989  81  905  873  569  600  439  545  
384  326  443  847  533  101  951  249  226  750  86  449  996  290  791  172  982  474  278  927  924  283  133  206  384  449  539  690  642  871  11  365  319  73  261  133  700  206  377  11  444  517  727  528  589  18  444  67  1  749  735  465  737  800  178  569  795  267  660  811  988  758  659  828  544  938  951  736  998  60  865  101  785  943  130  768  921  965  856  719  369  178  827  586  201  133  902  583  251  459  345  40  386  178  51  994  903  367  477  77  
22  932  66  787  557  697  146  615  628  950  870  356  591  779  846  719  545  933  421  81  11  701  822  701  26  389  256  435  623  962  477  70  207  913  520  152  427  824  245  864  26  322  2  693  754  157  811  570  557  532  100  438  104  420  311  295  823  790  213  842  108  696  393  929  111  616  408  129  831  942  677  303  943  108  793  911  27  237  87  561  913  175  614  832  5  814  119  472  149  462  366  188  35  397  974  209  129  907  141  418  
566  120  423  712  151  560  414  38  105  205  566  471  226  257  543  860  527  109  284  214  552  107  112  780  760  893  712  98  961  305  651  934  596  866  590  792  702  491  525  197  854  250  652  296  786  598  499  342  961  255  128  732  516  433  54  279  846  268  67  248  755  867  927  202  228  679  984  209  936  832  738  81  246  968  700  392  919  499  895  521  728  742  423  702  45  147  540  441  682  590  338  87  754  512  300  994  747  245  87  873  
617  284  330  654  806  338  372  123  971  459  430  2  280  559  287  336  527  781  6  285  439  639  138  27  220  841  166  841  284  311  88  267  629  354  208  655  145  486  678  782  379  219  332  948  156  38  154  487  646  172  433  400  714  162  399  617  500  140  681  148  980  728  967  715  504  374  536  577  204  119  703  83  148  646  725  741  296  903  662  533  406  51  776  94  750  485  277  476  190  900  314  950  142  478  807  61  862  965  559  143  
931  824  314  288  88  873  174  471  617  846  789  656  963  310  751  555  160  531  703  120  222  974  835  36  991  35  750  629  867  10  376  615  425  975  85  952  437  167  226  134  619  839  371  243  514  378  650  746  763  71  427  33  504  613  875  530  458  836  646  544  227  306  327  130  763  22  834  711  749  996  726  607  425  270  118  626  637  251  214  775  684  222  699  627  601  726  499  20  756  493  468  328  930  200  976  695  932  642  102  826  
526  533  124  190  560  870  288  249  457  299  14  184  510  460  156  634  35  428  9  797  464  994  603  923  285  608  648  736  912  903  949  627  59  53  970  247  987  765  102  740  554  553  119  55  118  405  697  147  99  51  168  698  739  7  17  628  398  487  970  530  461  945  906  320  63  129  579  749  351  773  884  488  933  46  451  568  800  309  744  848  749  264  940  758  337  168  112  55  610  400  618  920  572  556  683  571  720  196  700  508  
71  851  342  471  500  56  544  97  703  72  363  79  781  774  666  766  349  177  69  120  14  232  365  368  228  556  370  90  665  250  895  738  752  884  399  767  660  994  225  260  391  850  367  443  855  370  37  870  459  526  924  340  276  66  30  403  350  21  924  544  390  584  386  337  981  626  940  843  250  73  995  525  309  599  464  8  208  375  273  601  376  34  601  405  849  563  329  136  697  667  628  561  778  465  849  286  795  58  273  583  
48  968  856  954  549  619  9  995  42  145  42  141  616  963  335  937  834  21  146  145  959  481  184  258  163  322  22  708  941  0  746  48  931  620  727  357  450  161  480  350  130  389  525  51  222  43  923  939  985  775  182  555  908  813  946  621  164  182  335  264  160  23  139  312  952  328  185  138  689  207  527  575  333  118  333  258  79  679  81  247  508  266  24  793  589  889  919  464  753  657  575  286  447  741  799  157  353  24  971  439  
141  303  531  968  213  777  518  140  918  12  797  33  565  812  412  808  13  74  603  710  990  16  339  521  447  517  667  609  164  745  418  997  403  814  87  943  856  945  29  869  624  668  146  893  706  569  111  284  257  981  761  843  743  742  709  398  180  834  339  858  188  798  385  987  974  288  161  647  904  738  773  979  416  860  286  640  117  196  83  889  541  428  823  803  432  944  291  601  433  866  499  315  756  652  965  859  43  529  651  5  
338  561  314  240  91  224  131  732  444  545  926  762  228  612  367  394  293  249  953  629  770  751  78  641  530  718  745  498  805  845  738  827  923  313  824  705  844  707  638  471  730  213  436  35  754  65  134  29  890  197  921  503  108  543  209  382  928  8  713  164  513  352  938  878  942  655  132  1  688  907  938  12  978  779  7  58  124  119  175  446  867  65  649  619  947  284  496  408  796  759  681  980  114  990  174  11  70  22  913  917  
266  579  21  903  138  488  413  313  982  625  232  363  524  888  84  524  114  979  359  713  289  926  685  383  677  355  436  125  465  346  683  576  559  526  913  148  53  911  354  436  363  69  435  687  169  679  303  775  886  584  178  431  163  762  386  816  53  946  686  624  537  584  935  328  819  906  875  32  783  996  88  113  560  989  757  534  294  729  492  544  954  239  748  805  877  150  147  572  975  177  545  400  580  188  831  575  673  681  759  469  
708  748  197  250  664  95  26  940  639  755  353  954  659  228  522  199  397  839  581  231  335  442  745  186  77  792  826  785  589  648  824  289  423  698  420  611  336  685  686  134  913  183  665  986  660  66  176  762  862  559  786  709  712  307  353  152  752  610  945  332  564  812  795  463  998  714  273  210  195  525  420  558  566  988  49  644  874  783  778  544  956  565  744  441  918  158  366  752  304  54  874  802  874  495  612  83  964  785  745  561  
86  857  633  698  763  307  188  691  16  973  579  223  795  234  235  528  198  512  12  692  291  751  368  15  346  270  351  641  93  547  767  108  260  334  681  949  108  802  934  764  299  642  465  553  455  213  909  421  204  549  183  210  340  33  631  640  696  44  376  590  949  842  119  49  194  440  368  403  678  77  187  291  566  816  318  92  132  319  188  221  107  889  987  829  455  537  731  513  681  543  954  20  0  269  757  674  620  363  489  680  
587  199  64  787  270  764  935  283  886  766  715  700  952  64  259  602  472  722  161  374  129  426  459  161  562  509  278  523  541  418  290  209  33  164  304  665  607  467  431  643  313  21  398  509  790  765  901  763  27  520  308  602  563  857  141  456  895  600  693  761  1  683  373  720  922  753  559  360  900  391  972  550  209  329  378  598  706  494  283  590  844  312  256  202  932  471  620  645  243  578  806  488  357  65  119  83  756  273  161  734  
257  397  456  770  106  653  210  512  271  982  369  837  591  494  146  306  463  274  470  596  730  221  254  92  597  639  259  292  561  401  939  788  251  608  472  353  800  558  514  82  186  720  613  142  184  740  677  925  217  748  509  673  920  424  624  240  348  371  903  673  135  852  400  793  94  638  855  625  159  342  839  646  574  266  913  316  179  553  5  704  989  602  271  152  626  948  56  209  750  151  181  774  280  614  317  295  725  130  923  901  
516  60  339  648  184  534  650  996  556  974  191  790  96  560  157  398  394  575  274  91  312  872  530  357  2  900  28  483  693  192  606  697  633  362  677  670  299  337  76  608  183  185  149  948  510  842  366  214  413  525  43  393  630  522  298  19  991  305  443  328  57  203  909  562  667  596  374  354  76  207  595  453  432  437  581  494  522  156  981  660  743  729  646  984  739  850  800  733  829  153  573  892  381  456  212  506  462  958  99  705  
423  460  994  160  123  159  571  63  928  914  349  396  501  623  607  203  684  865  129  958  479  233  135  592  639  396  767  303  559  541  705  54  655  492  102  28  564  586  513  205  869  256  987  898  241  84  27  487  660  918  226  497  680  125  315  459  312  113  465  28  816  565  540  158  696  371  859  621  328  435  957  673  893  818  243  90  184  755  508  400  192  140  404  869  510  328  791  583  175  92  912  581  287  376  222  668  463  365  869  655  
769  989  770  330  491  787  656  497  935  592  1  290  67  871  630  115  76  758  263  849  685  729  822  398  998  692  229  918  32  709  608  854  580  228  981  682  43  705  784  978  744  560  227  832  954  106  467  264  270  619  293  684  585  100  967  491  450  325  756  302  694  553  703  919  438  133  593  366  586  126  437  817  33  358  88  662  240  35  310  513  528  236  207  973  53  577  801  569  912  726  687  752  558  363  95  572  681  451  258  233  
340  399  20  154  284  783  299  362  554  428  300  992  830  797  104  992  301  268  270  298  482  259  787  626  459  401  44  499  794  683  92  952  172  416  928  713  663  470  352  190  692  883  569  339  171  225  525  152  958  952  483  596  550  993  995  326  346  485  778  527  862  896  995  103  895  942  767  874  244  32  195  47  577  210  112  533  461  260  232  882  68  379  932  354  479  515  411  528  158  164  100  348  175  814  60  785  424  339  963  450  
729  223  921  296  261  30  702  666  239  202  703  906  474  167  437  248  928  622  511  773  236  954  359  22  171  850  482  539  12  747  977  395  417  394  541  886  157  571  424  391  637  89  622  603  284  74  353  690  407  381  868  969  871  571  303  186  516  296  914  849  582  900  373  635  551  74  476  501  645  557  952  534  755  714  783  234  15  102  686  988  102  604  805  896  36  515  536  578  120  162  318  534  955  625  75  5  41  558  704  360  
856  8  290  805  814  739  176  75  871  384  166  931  411  976  686  453  310  774  214  740  105  534  324  559  415  974  782  421  898  95  591  532  667  535  772  126  536  47  892  641  943  316  53  58  577  13  716  261  226  527  580  915  541  272  616  488  516  350  443  631  293  307  652  821  793  848  160  375  958  483  976  953  140  534  681  709  492  677  793  411  627  788  151  419  247  355  284  708  593  671  958  856  40  397  292  998  222  582  907  435  
764  898  862  591  313  130  476  520  847  942  756  165  278  223  555  792  354  211  814  896  496  155  347  994  446  874  665  556  752  676  921  191  398  816  236  902  539  836  195  935  744  60  318  204  247  678  980  78  188  461  25  544  333  407  318  555  723  357  330  675  728  151  133  725  56  170  349  299  949  208  762  574  930  610  237  967  889  875  670  522  8  52  705  599  149  647  482  854  291  851  960  246  381  428  637  331  343  891  294  242  
884  369  373  505  105  556  340  920  200  59  156  166  609  924  795  242  948  640  916  639  282  975  560  706  297  917  507  203  325  280  978  422  723  813  320  485  433  358  311  524  826  283  131  984  661  786  370  293  253  660  128  874  476  717  983  147  120  231  12  467  143  340  685  340  799  110  318  397  766  574  514  606  80  869  687  315  23  993  10  347  365  863  426  820  548  922  345  364  359  590  636  70  962  668  819  320  43  570  852  661  
964  45  458  939  280  174  563  611  859  894  432  897  263  991  229  399  48  929  160  242  337  622  710  304  936  179  417  677  956  675  134  137  95  217  594  599  846  985  821  364  789  404  503  530  95  527  542  921  92  319  506  777  555  123  399  70  822  629  770  864  13  542  967  53  267  165  111  990  541  756  687  227  185  456  115  299  963  195  961  845  618  975  714  436  377  968  292  242  841  567  466  228  395  383  933  782  636  398  579  115  
306  178  14  74  43  549  496  800  636  854  546  791  887  309  796  160  294  115  398  250  587  652  965  990  154  522  882  174  214  951  668  642  872  294  262  855  407  543  323  845  745  733  341  947  775  638  237  233  814  215  356  289  666  128  168  946  997  123  51  563  445  621  765  921  860  902  146  325  129  19  383  493  963  525  181  181  550  421  31  370  166  375  496  451  680  128  462  572  273  878  964  264  765  898  187  602  65  892  999  440  
365  692  576  549  433  648  319  681  376  471  633  512  34  720  304  660  339  888  4  263  513  886  288  689  211  917  721  346  988  422  370  60  463  710  522  600  997  731  39  708  369  911  492  70  221  503  150  240  693  866  292  440  769  369  964  426  433  872  627  4  737  190  868  126  587  342  210  172  795  778  273  633  494  993  918  217  716  126  358  459  492  765  108  858  974  161  765  463  876  159  453  365  874  81  500  848  85  80  195  882  
384  681  616  740  361  890  474  997  962  442  366  410  483  218  967  898  684  580  924  437  712  750  68  841  54  971  293  856  297  375  545  905  375  420  753  793  871  581  340  126  123  535  744  456  605  391  178  876  198  644  168  318  178  522  619  307  479  248  634  817  996  719  577  835  85  127  521  884  941  311  568  599  797  73  265  961  768  768  655  812  65  798  451  240  780  879  782  184  913  740  280  71  264  20  854  565  350  317  673  753  
997  547  299  301  177  91  645  641  823  23  156  221  960  102  731  998  795  623  457  244  873  466  419  278  234  251  812  810  925  396  56  165  44  510  632  939  862  643  920  660  758  747  861  235  304  920  930  636  396  776  161  674  843  448  982  130  630  280  351  103  775  382  824  627  143  202  940  982  918  636  149  774  625  941  724  60  141  968  524  175  65  750  937  983  546  576  494  135  689  325  460  272  111  97  254  815  272  662  297  458  
237  889  218  92  923  435  127  146  274  618  383  657  480  708  781  622  947  600  520  2  533  953  398  88  913  679  126  525  501  707  653  274  696  215  385  769  706  777  401  130  259  322  741  104  251  230  698  637  969  282  589  854  111  981  561  332  259  621  580  89  592  912  468  292  2  587  750  616  393  105  895  135  189  364  211  22  80  625  99  382  985  803  252  47  164  287  962  632  70  263  492  135  455  70  440  209  816  511  287  815  
940  442  563  414  499  307  925  769  841  840  836  973  558  152  488  465  286  523  740  888  681  673  841  532  252  299  599  616  334  904  798  73  607  597  915  371  218  717  471  44  476  616  337  863  901  699  484  824  563  132  939  287  629  583  136  490  893  762  940  907  903  170  264  539  726  40  19  89  478  52  724  12  236  940  319  976  233  65  893  528  925  62  203  681  345  653  421  559  717  304  75  143  215  369  577  567  181  439  453  5  
522  173  546  259  84  857  361  788  967  334  855  870  506  406  553  612  878  551  211  718  543  192  321  55  364  409  493  947  720  509  551  267  683  93  539  790  218  113  891  614  498  981  685  965  421  863  24  154  579  305  256  11  697  711  609  528  231  806  568  162  443  598  116  126  740  390  139  154  977  403  90  83  895  324  277  920  361  485  740  895  762  822  110  578  630  496  79  414  638  227  941  168  418  759  377  59  713  229  672  602  
229  72  17  278  121  270  793  373  452  357  498  497  207  628  2  448  210  679  495  452  693  718  529  673  770  371  176  934  392  798  884  626  905  558  492  901  397  646  446  512  968  794  725  785  175  933  512  447  920  297  454  359  431  481  360  465  653  494  751  610  362  828  229  102  251  881  255  321  799  890  383  211  323  425  417  566  486  702  187  285  542  617  839  259  257  810  245  244  592  421  337  756  62  301  157  882  110  436  175  137  
530  28  602  731  264  957  690  538  63  163  513  565  503  211  407  507  486  571  22  503  759  771  11  928  269  340  144  107  910  331  439  23  250  657  617  877  339  770  253  114  6  368  388  211  783  892  632  44  579  489  181  21  967  325  120  921  862  772  804  724  407  667  907  736  725  861  273  588  927  29  13  938  720  793  497  11  770  376  208  842  643  336  183  297  546  398  300  388  771  291  779  448  237  231  520  63  116  900  198  364  
370  138  494  229  161  282  427  146  556  530  450  880  51  860  992  193  349  955  211  780  736  571  138  973  524  971  680  681  957  66  452  697  943  67  924  608  364  143  144  722  721  646  243  163  791  329  755  433  229  22  82  799  138  513  549  982  648  772  162  146  172  195  710  519  58  862  356  743  870  476  562  593  429  632  61  78  338  811  653  795  340  790  620  166  156  865  839  880  773  45  111  662  12  995  217  419  15  479  457  997  
426  708  774  234  660  189  70  335  448  774  538  412  631  597  509  24  603  671  750  677  775  587  229  56  754  845  697  519  90  801  55  439  869  421  560  257  530  425  650  240  582  69  502  625  43  71  553  887  899  623  772  779  42  713  918  405  65  247  738  369  7  232  283  440  890  265  827  634  27  455  755  613  840  422  421  237  650  696  941  224  71  365  126  500  266  180  145  160  502  148  712  660  450  873  880  397  614  878  469  737  
371  35  247  691  529  227  890  572  522  693  452  655  675  165  120  910  459  343  559  814  124  567  126  140  127  919  354  802  300  590  144  722  31  993  105  366  653  337  83  930  518  810  195  7  965  427  405  628  906  678  150  235  200  101  737  61  58  703  46  267  449  486  353  210  641  766  374  658  385  213  698  955  41  833  932  109  918  626  619  666  505  654  233  722  494  426  797  875  951  844  934  659  440  90  507  548  894  310  824  226  
289  465  723  700  849  128  293  436  116  552  100  861  533  330  948  496  401  330  949  467  138  394  592  487  926  326  404  596  258  412  405  227  936  546  108  783  752  723  105  625  587  335  517  527  498  422  580  201  741  41  911  519  376  558  936  338  407  590  102  982  962  156  873  40  795  756  535  826  84  69  133  768  86  717  161  654  229  319  380  544  439  435  261  533  851  643  64  89  502  94  94  526  640  531  38  46  581  283  705  160  
352  282  235  460  298  748  742  781  536  521  920  546  226  244  612  920  464  478  774  704  815  137  584  136  473  796  554  737  939  154  718  813  952  831  761  579  282  801  958  8  520  958  949  979  588  440  776  156  19  986  581  690  87  485  56  281  874  459  424  117  104  39  722  125  591  943  939  974  491  704  574  43  450  981  477  414  598  619  532  902  985  651  474  77  402  76  361  820  605  533  940  269  969  845  368  341  843  743  923  972  
104  957  162  674  688  919  614  464  838  208  286  232  348  198  288  874  163  548  576  525  216  61  811  902  354  871  958  183  871  994  71  415  326  188  749  394  680  266  36  925  552  789  912  544  321  30  403  8  295  623  545  312  605  504  840  187  862  467  966  945  343  756  106  644  129  872  844  277  148  841  849  168  879  420  311  161  621  552  711  249  153  834  840  529  738  745  263  113  241  123  852  966  815  522  697  966  196  407  604  129  
298  865  451  678  448  786  335  374  594  527  848  505  902  353  0  404  657  381  397  764  256  892  198  90  187  855  910  98  835  260  134  585  932  557  309  2  518  811  531  726  686  151  923  62  121  336  599  326  944  854  421  535  782  426  878  641  391  752  799  948  683  434  241  17  112  978  316  978  598  219  912  530  691  517  283  338  7  11  119  113  657  227  531  447  176  505  161  431  559  376  328  999  24  942  896  509  193  411  602  535  
315  382  130  183  647  956  133  786  619  110  940  755  650  214  635  280  922  373  547  48  15  644  427  688  253  645  318  577  458  693  109  376  2  408  493  770  564  905  707  601  722  933  452  727  494  435  66  806  495  210  472  713  283  998  286  563  606  929  264  610  265  306  545  815  238  461  869  205  856  351  75  148  855  980  138  905  777  878  371  252  860  692  867  933  143  221  284  307  385  703  682  811  537  201  984  73  460  81  541  166  
437  210  905  327  167  510  553  989  590  108  642  158  124  942  178  800  943  890  994  677  143  155  335  807  238  19  808  50  528  327  602  256  337  991  615  949  366  801  646  464  51  912  107  114  644  150  879  254  903  235  290  413  30  65  925  356  27  630  36  581  245  981  0  183  927  513  739  579  894  847  540  548  827  823  371  938  63  334  807  747  139  116  714  118  626  605  990  118  246  198  592  255  415  805  715  248  306  141  368  916  
710  173  609  855  866  428  861  986  674  852  693  948  808  968  757  5  390  786  255  991  842  254  673  59  275  389  646  597  720  606  698  998  392  807  7  740  500  780  869  608  304  218  103  715  248  11  992  253  79  766  755  892  219  666  746  110  221  471  927  148  716  753  886  643  969  289  795  303  916  666  320  534  766  261  687  358  616  530  422  348  785  612  816  314  381  199  951  692  968  960  296  216  282  169  775  311  444  735  817  268  
712  442  849  144  55  57  786  216  741  416  491  676  166  519  696  972  292  544  373  136  248  956  253  517  598  626  697  671  613  877  333  792  291  969  540  835  536  730  531  525  465  377  91  697  901  844  792  830  348  313  879  904  642  423  220  343  947  41  257  407  937  31  890  277  921  218  861  371  284  980  576  145  233  874  451  80  24  584  212  860  785  319  425  373  650  93  528  826  487  961  314  907  532  761  710  121  118  690  201  60  
232  347  507  88  610  495  854  53  195  21  552  994  831  461  223  318  843  777  124  194  453  278  360  22  217  342  363  983  742  572  419  81  304  35  481  855  814  690  704  484  635  176  47  997  682  256  78  733  554  689  941  228  297  341  503  173  965  628  741  819  534  636  479  695  351  583  654  456  435  729  605  64  316  253  870  527  406  267  937  927  162  280  494  539  319  658  788  228  67  77  954  737  80  175  970  138  193  989  886  713  
323  8  250  870  897  224  913  998  191  531  556  447  48  793  741  754  99  871  66  502  464  879  988  781  561  560  831  805  995  375  20  181  964  450  26  841  30  372  956  989  577  531  139  802  199  170  404  176  441  34  21  408  367  12  656  131  53  548  786  717  209  875  661  56  968  987  506  879  408  903  674  272  752  519  979  300  188  645  488  502  637  927  281  517  653  161  306  120  256  318  983  85  502  595  173  950  45  760  284  449  
771  100  793  859  409  796  775  976  803  367  981  161  595  489  331  218  478  274  574  183  246  442  171  995  735  204  248  460  557  412  294  630  770  790  203  378  310  109  364  11  751  172  447  710  232  60  918  491  957  395  439  164  300  941  953  944  143  546  386  493  38  980  595  896  386  123  749  994  900  942  716  569  852  784  33  703  670  213  22  979  310  184  731  315  572  138  765  507  867  985  422  332  755  635  272  996  198  53  274  357  
552  460  293  69  119  415  201  122  114  743  448  368  238  781  636  536  723  622  452  86  870  373  617  687  824  37  639  37  563  329  984  585  684  635  186  364  380  493  105  322  584  719  679  219  185  709  847  15  286  172  633  662  77  578  255  249  784  119  206  488  644  187  657  729  117  141  800  458  918  438  221  187  508  984  527  827  706  294  527  277  679  553  488  710  83  323  580  350  17  68  705  505  54  63  290  977  224  681  858  594  
825  917  219  865  643  606  932  242  373  186  858  349  676  752  741  275  789  70  467  75  862  153  114  116  236  89  887  590  847  416  748  17  962  392  717  649  439  894  499  893  23  983  810  155  639  845  597  273  662  389  785  522  99  985  223  436  923  885  675  562  448  304  338  451  333  417  0  437  741  651  183  87  540  191  276  83  606  253  523  20  163  310  506  177  372  568  715  37  927  855  420  435  813  261  352  475  421  846  264  811  
42  946  588  525  391  527  3  961  43  787  155  567  208  43  490  19  213  955  795  109  299  651  620  771  364  89  35  694  831  361  113  702  840  990  543  627  757  787  533  25  380  867  882  911  439  921  317  260  474  981  97  598  699  788  992  488  263  11  38  855  998  967  646  66  141  547  931  996  537  415  364  536  563  290  602  599  543  940  974  952  358  795  843  613  796  856  243  445  812  20  934  932  503  588  445  579  939  734  324  461  
64  279  109  32  462  571  225  100  954  640  2  923  455  280  53  157  154  265  891  295  662  666  374  575  861  140  496  982  88  882  702  10  509  623  356  999  984  379  875  498  429  297  549  754  721  568  169  11  392  20  90  296  720  601  282  756  45  251  667  317  78  740  974  726  69  931  165  464  756  301  2  484  955  619  827  207  814  96  157  3  482  677  845  573  752  363  158  320  354  269  364  950  867  607  455  198  603  670  443  951  
992  998  396  271  352  770  423  816  443  155  780  776  669  24  8  451  625  423  486  607  961  453  301  180  546  584  573  166  220  542  731  72  911  41  205  263  793  586  535  272  540  766  579  303  173  65  766  285  238  446  479  29  750  161  892  99  350  217  237  881  36  421  737  176  236  82  95  535  602  542  477  155  669  732  212  779  277  316  165  503  45  54  572  325  588  915  802  231  349  561  298  524  46  641  521  577  773  526  784  836  
918  620  989  285  506  682  501  786  978  237  167  13  673  523  90  588  431  417  294  820  986  273  752  923  526  372  671  609  533  600  811  394  290  86  5  59  199  811  297  958  943  312  457  115  182  840  419  781  676  141  803  199  544  544  851  681  489  643  998  731  760  860  220  780  537  193  967  759  449  315  589  35  921  633  726  910  848  601  821  397  231  228  820  507  525  591  896  315  963  922  763  979  98  687  544  695  952  129  969  983  
114  247  196  423  755  891  996  897  227  611  932  776  539  259  614  139  884  748  994  629  31  813  10  773  247  45  578  567  843  714  621  670  767  450  938  476  554  99  533  143  915  729  490  378  28  908  301  549  537  530  797  322  458  432  359  598  987  809  38  143  988  240  911  432  493  696  451  598  410  270  46  294  124  959  45  734  751  660  348  124  376  118  501  79  551  247  333  912  466  303  840  420  738  39  389  729  982  142  476  306  
789  806  827  17  658  602  248  168  264  694  785  957  956  827  527  831  74  782  441  769  856  587  149  266  199  563  33  213  807  855  144  916  610  560  576  181  57  829  591  14  178  16  950  674  347  214  870  560  809  360  775  364  553  306  384  860  943  304  696  809  765  312  331  256  627  80  64  60  733  733  495  18  418  517  376  825  480  650  318  619  877  491  731  405  465  272  309  55  639  633  990  608  338  444  65  425  84  578  832  980  
738  205  315  953  147  744  435  380  239  179  748  255  653  401  305  952  140  920  953  30  307  260  39  501  460  880  55  340  162  794  836  151  764  474  519  638  994  383  818  721  940  254  43  934  722  160  972  721  262  502  959  223  390  587  734  742  277  215  104  548  977  580  16  75  71  935  968  590  2  196  155  459  491  102  223  925  619  706  977  324  467  782  899  419  916  468  96  70  459  645  169  846  140  436  112  491  759  472  880  437  
176  445  680  446  408  271  13  935  426  60  668  918  176  949  945  553  475  505  489  234  321  815  892  334  928  189  271  355  913  946  798  478  808  300  454  791  752  750  615  866  499  738  481  730  799  511  686  715  700  215  53  724  82  784  967  864  840  261  626  608  383  760  171  142  637  438  408  888  269  727  227  47  547  808  379  700  965  799  189  334  917  386  824  146  948  917  309  39  233  310  941  612  206  486  116  345  259  927  108  815  
404  164  53  357  637  930  591  704  471  233  194  702  714  590  533  854  722  17  427  496  694  301  651  445  899  737  982  98  959  107  932  199  33  668  55  574  270  371  745  186  839  82  34  886  782  79  393  342  487  960  715  734  268  527  90  150  32  277  77  670  733  302  269  932  192  216  383  503  914  377  301  374  666  261  864  530  750  817  800  77  769  815  947  750  110  230  860  899  858  492  731  585  440  171  299  530  590  894  656  987  
12  271  551  553  629  814  552  224  702  727  190  736  979  105  631  884  361  599  174  360  750  109  950  934  964  600  913  925  221  378  927  95  809  320  42  326  754  322  470  850  968  263  406  1  473  155  729  747  912  246  916  25  630  497  857  826  574  631  45  794  898  118  375  903  588  170  923  824  231  564  479  709  795  116  813  758  950  448  679  17  40  575  793  802  336  934  80  905  514  534  369  539  458  49  860  334  25  959  934  22  
126  593  982  900  977  489  975  89  928  548  636  431  932  821  627  456  910  512  528  782  331  503  770  758  655  220  506  953  830  84  631  929  717  116  767  772  318  755  840  24  922  148  909  532  433  926  484  366  942  641  100  766  734  367  939  782  910  261  493  868  916  757  242  550  766  402  622  521  175  782  28  550  984  915  212  842  979  4  193  784  18  808  200  445  814  707  570  687  924  880  402  939  338  910  642  73  839  214  624  263  
112  647  974  151  542  526  447  845  397  77  997  114  464  614  888  694  704  437  849  621  955  775  540  985  41  491  148  871  618  196  256  313  476  848  883  783  240  200  554  355  307  99  942  392  939  841  609  638  471  514  437  725  921  657  120  762  328  160  356  627  613  289  723  235  719  190  239  75  674  309  55  318  34  12  566  622  926  333  78  288  968  286  802  57  689  607  400  828  360  321  629  33  867  368  163  227  766  996  718  94  
536  306  500  834  710  386  106  129  847  948  803  953  878  724  979  191  118  151  698  225  96  905  693  261  759  437  766  715  421  176  955  155  62  554  660  685  650  34  710  708  817  53  893  733  646  658  398  810  374  301  122  765  674  958  462  947  295  45  303  199  695  13  532  200  73  946  796  345  163  272  325  202  271  953  254  24  604  531  533  846  851  612  578  726  394  394  741  64  406  84  339  477  65  822  755  264  427  69  974  698  
92  496  381  825  703  342  253  109  459  810  813  751  619  336  752  782  637  675  214  782  280  740  325  863  830  337  492  240  369  751  400  182  34  6  656  85  740  280  475  521  447  573  410  417  713  454  759  825  423  115  76  803  1  259  721  281  331  880  381  714  527  861  909  791  584  141  483  736  394  530  366  671  549  86  391  825  760  873  420  612  619  295  133  506  972  669  891  465  155  640  320  44  321  243  66  1  19  483  194  879  
173  440  193  716  313  978  593  689  518  565  449  531  733  347  179  919  247  909  783  17  795  606  587  632  916  739  370  481  598  546  600  375  81  119  248  340  686  645  908  951  806  631  676  370  706  619  259  862  637  575  626  941  702  484  103  316  578  467  881  731  62  192  962  699  650  618  199  307  568  187  52  798  228  891  936  740  342  347  984  963  138  936  576  571  849  991  755  547  880  527  843  331  694  343  692  991  212  5  379  452  
965  160  933  826  644  811  234  910  628  999  840  739  434  523  211  421  631  475  674  441  771  498  77  876  171  604  954  967  35  333  407  684  206  576  258  199  202  501  117  236  809  259  69  657  9  685  689  95  109  203  919  51  77  192  666  411  89  244  944  839  923  69  216  774  481  831  152  946  458  149  541  113  584  234  972  561  691  897  149  118  279  45  727  779  772  134  934  548  219  481  601  803  512  906  408  399  322  344  435  437  
776  822  246  10  822  346  433  614  508  923  371  406  104  700  206  855  890  591  789  730  205  976  930  256  86  327  909  139  212  201  783  526  520  716  101  834  694  621  431  887  273  664  40  19  524  139  488  354  693  688  820  2  820  789  287  617  89  833  410  909  100  77  200  344  750  116  533  438  509  320  212  525  124  979  662  720  448  488  792  928  943  772  518  695  420  835  460  714  157  235  348  170  862  647  609  871  78  745  114  474  
654  376  546  333  210  905  580  242  552  813  651  973  670  159  680  142  720  648  293  311  902  833  30  102  60  100  223  223  844  240  232  778  846  695  766  996  271  957  147  821  471  7  469  77  692  486  508  547  549  855  397  772  401  664  404  204  565  368  862  597  564  252  324  233  712  506  203  293  655  955  953  492  394  338  466  36  743  436  784  882  790  259  537  349  600  811  698  681  331  167  162  579  714  545  193  164  33  341  791  964  
647  808  801  788  156  978  661  559  2  21  327  702  247  825  29  719  672  846  741  137  154  53  494  583  770  92  483  262  149  116  548  325  281  704  895  416  978  147  316  185  408  702  46  468  294  22  293  788  230  206  224  759  15  694  143  531  120  976  239  284  191  962  175  716  250  261  271  877  351  105  281  246  207  595  519  359  492  884  180  938  4  415  647  112  206  398  177  373  177  57  728  802  723  45  52  461  463  557  134  119  
32  296  161  338  322  519  704  372  360  104  455  164  575  595  374  472  642  913  760  905  471  332  890  852  558  480  174  717  450  124  255  426  72  692  919  945  37  950  101  23  748  470  290  374  620  465  610  362  719  891  456  601  895  701  513  749  684  646  203  367  209  269  463  697  12  584  705  407  83  644  816  739  364  570  81  53  93  218  726  43  298  991  788  282  925  839  866  449  608  437  205  214  942  332  896  960  999  930  769  801  
330  278  151  637  917  736  407  75  752  532  974  199  879  803  569  617  286  70  520  374  983  63  697  168  702  78  352  925  886  604  308  217  765  0  597  857  338  828  482  838  959  291  607  873  609  305  707  217  708  46  983  534  124  449  843  537  230  78  395  170  901  635  694  141  192  701  375  874  96  625  388  240  368  481  452  198  429  262  374  630  317  893  412  310  220  367  894  443  521  64  611  620  831  572  979  40  463  961  903  374  
123  989  994  335  533  821  825  834  454  678  893  404  627  820  186  401  194  733  87  819  762  793  174  302  248  361  382  294  886  600  219  94  590  810  824  478  220  896  138  904  849  661  397  919  4  193  565  852  683  71  187  518  999  60  63  853  893  367  516  44  57  495  455  241  245  438  193  441  287  688  140  477  713  295  610  475  730  711  913  67  354  249  835  591  50  990  370  901  634  658  185  20  164  930  669  217  245  595  658  437  
748  201  610  892  147  496  288  501  3  411  299  9  356  87  390  42  569  826  788  785  810  21  569  300  883  988  267  866  306  662  79  636  982  989  168  155  458  708  83  888  185  472  958  411  164  884  374  507  55  477  472  974  337  958  743  447  634  833  484  802  943  323  588  828  953  931  115  707  379  119  582  463  170  674  838  389  839  62  825  350  304  842  626  704  197  696  360  760  373  142  221  827  329  350  933  48  936  644  622  459  
522  460  310  352  113  310  64  122  232  775  681  224  351  373  983  370  735  830  704  30  208  366  760  745  51  867  965  292  65  862  789  229  154  585  791  399  329  503  15  423  588  813  938  915  778  363  185  737  598  46  219  34  848  93  315  785  674  398  617  484  215  453  684  758  623  440  557  494  752  522  495  775  95  482  386  605  636  743  886  361  987  514  173  257  111  592  809  535  849  451  261  596  710  276  376  657  270  583  939  26  
9  314  348  672  956  595  563  945  441  278  226  365  37  560  721  592  34  970  951  847  805  477  557  81  482  695  948  516  707  624  511  400  655  924  923  956  584  260  898  363  605  195  135  842  213  410  660  545  37  536  136  420  401  666  796  213  991  851  268  944  865  272  123  451  32  186  335  279  902  601  307  191  300  394  491  604  946  213  562  370  333  997  176  243  434  572  920  694  305  955  741  300  892  547  132  511  383  955  820  103  
530  878  194  201  98  40  401  798  174  493  895  62  692  102  787  248  451  177  139  455  476  755  49  658  170  517  925  496  80  897  294  453  265  407  746  134  467  64  622  45  357  574  767  98  159  174  30  102  817  75  769  780  540  136  295  335  636  226  284  346  575  640  58  456  199  63  224  225  451  310  516  621  748  923  357  688  475  441  564  402  936  799  896  930  517  773  64  478  424  957  451  249  808  564  187  42  191  348  824  669  
966  55  809  217  486  634  326  125  90  796  265  831  19  33  370  371  515  279  306  628  858  452  575  514  175  514  238  488  222  681  366  256  112  743  513  454  608  934  262  886  490  810  193  411  886  789  997  37  354  753  784  349  813  530  268  520  528  453  285  190  391  793  390  62  861  353  830  504  454  146  696  230  269  127  977  839  30  535  867  962  830  584  222  644  334  946  645  263  567  170  166  615  559  521  59  425  465  673  942  634  
819  964  570  673  57  112  660  874  527  395  8  8  259  727  848  446  313  194  263  203  912  852  164  440  985  990  10  398  184  36  876  513  804  166  558  619  840  929  95  558  564  484  58  426  365  514  923  367  888  772  646  72  679  544  548  804  202  194  543  306  679  253  333  560  220  485  849  960  600  468  556  488  57  672  131  636  873  478  962  42  394  333  414  914  736  289  200  216  886  162  630  184  536  776  171  636  287  325  135  853  
180  712  425  635  996  641  664  371  665  646  241  36  369  665  299  270  999  987  46  816  312  90  154  36  0  58  740  665  75  91  699  516  983  694  345  741  110  157  861  617  410  374  757  521  289  68  112  590  816  643  386  400  572  942  673  914  243  782  220  947  913  200  427  379  391  796  785  727  982  390  518  876  120  835  465  92  255  922  843  856  448  140  502  931  207  561  645  222  430  833  565  701  520  659  497  21  463  694  371  576  
821  505  342  623  584  633  865  898  335  127  814  479  577  243  352  981  949  177  58  436  83  766  245  412  257  647  410  982  714  982  165  978  282  251  650  734  364  299  978  495  572  255  325  943  920  475  763  68  457  249  654  641  192  33  447  291  923  920  345  554  14  411  763  802  406  102  910  117  986  509  958  422  706  869  542  677  457  984  364  578  887  300  243  408  615  823  376  487  688  809  796  493  14  486  983  523  792  767  70  304  
796  11  699  676  911  503  675  347  985  935  430  284  156  727  447  268  581  875  554  988  732  680  293  476  54  45  559  634  706  57  326  547  72  90  941  917  828  447  9  647  714  419  109  389  260  255  708  531  431  522  91  398  444  223  1  658  898  788  478  555  600  898  617  931  744  502  438  740  871  667  220  667  953  361  861  530  306  830  374  801  911  575  486  56  195  324  756  738  534  533  793  633  343  757  380  987  482  73  164  150  
692  709  944  469  891  292  570  999  123  985  819  784  259  551  48  198  38  945  729  74  974  39  82  593  194  29  915  623  464  482  210  55  262  146  825  592  50  656  41  159  986  708  973  861  534  517  260  998  329  163  318  350  246  587  87  15  38  680  714  203  792  210  557  410  498  366  330  297  556  802  997  215  52  651  497  477  91  37  350  994  567  942  173  944  258  439  292  78  583  888  52  643  828  167  119  108  363  189  288  802  
307  333  819  859  724  330  955  699  664  852  274  463  276  518  867  101  390  703  915  523  592  10  894  771  418  133  198  104  982  835  727  721  189  670  245  934  967  533  199  715  816  725  85  768  933  935  420  370  254  822  970  226  494  83  412  72  149  679  502  628  655  364  10  264  260  208  945  149  608  311  888  273  822  660  770  354  342  428  979  858  54  320  76  454  428  101  410  973  785  513  329  697  936  227  871  109  798  575  923  508  
940  718  515  225  464  62  533  73  226  315  69  689  482  89  990  628  558  141  124  813  393  887  277  374  792  534  920  739  318  64  381  326  255  644  844  664  889  671  82  152  934  319  582  163  902  655  74  408  642  199  221  486  51  302  805  485  881  367  170  390  39  991  613  784  732  943  223  48  965  905  526  740  229  219  930  356  382  443  358  693  985  222  474  684  130  994  270  675  735  396  848  419  687  582  918  190  855  409  775  95  
719  299  812  257  956  884  405  352  535  739  773  544  130  328  631  1  218  238  874  523  479  255  240  972  841  147  437  355  941  343  114  136  381  430  480  450  270  567  50  636  667  938  36  773  326  688  776  650  975  846  87  747  973  685  44  551  809  122  308  164  434  917  282  463  618  376  959  132  392  878  222  635  407  429  246  399  516  305  312  788  269  551  864  764  852  203  761  350  458  750  449  13  665  527  516  920  674  12  580  507  
149  606  885  665  159  479  887  723  622  929  957  338  600  748  562  53  993  595  427  551  514  883  359  441  847  953  995  887  537  183  619  122  170  579  779  82  200  213  307  373  288  738  649  192  748  833  80  808  575  234  246  798  924  414  139  877  711  799  597  33  819  20  281  934  923  833  323  426  268  665  727  560  639  817  361  146  765  195  510  98  274  395  813  509  636  402  944  36  29  388  44  417  372  648  240  770  163  588  859  829  
969  450  542  369  662  810  992  972  839  685  664  622  944  44  125  849  630  203  242  28  543  702  469  402  152  110  78  428  654  359  509  528  833  145  44  491  842  10  700  874  854  564  995  17  178  384  402  711  286  646  213  758  118  656  556  698  931  442  495  110  633  640  382  301  801  301  957  755  599  570  775  321  62  811  618  415  319  466  936  465  544  839  358  105  913  477  556  557  497  841  781  36  968  657  97  706  998  47  870  749  
568  569  86  372  267  671  857  491  984  328  234  85  344  40  784  383  465  482  835  213  111  878  710  915  62  816  4  474  274  141  186  181  26  778  292  31  769  971  596  178  156  12  878  806  266  872  703  469  37  779  931  375  799  910  101  175  975  103  313  185  827  858  30  446  56  745  159  390  948  635  912  864  733  940  390  497  858  864  127  742  47  541  857  416  94  308  918  708  416  827  981  331  396  371  668  765  790  777  345  389  
481  420  752  793  527  514  583  696  588  14  549  568  699  202  561  683  72  885  806  429  413  489  212  893  240  275  186  637  97  528  295  944  546  969  953  472  199  203  620  360  412  381  932  540  894  711  918  500  890  251  168  239  449  459  649  9  237  599  971  627  765  408  845  468  852  686  245  929  976  83  499  686  855  26  40  385  547  871  5  823  158  557  80  557  633  854  434  53  214  314  564  947  5  439  503  755  59  800  10  402  
559  502  542  173  351  248  318  209  31  792  490  768  465  676  579  964  144  622  465  964  942  976  207  17  806  815  224  139  372  723  315  149  864  688  778  697  105  332  921  521  782  557  249  371  848  558  612  8  675  414  827  226  187  278  874  104  731  21  861  431  881  10  645  590  190  292  923  190  265  409  373  788  27  761  510  109  109  247  943  61  893  380  955  51  648  559  825  661  793  477  922  947  968  265  27  922  101  232  836  144  
260  491  414  167  923  330  924  945  517  890  368  806  675  275  727  372  849  400  806  795  308  507  595  323  267  108  737  349  859  54  403  132  100  551  841  126  865  194  760  546  629  483  364  72  64  422  937  167  202  468  791  607  118  843  676  300  231  160  459  795  617  956  770  924  790  416  889  476  617  495  966  678  23  655  862  238  409  474  462  122  550  687  831  381  86  969  576  705  961  609  429  47  941  972  366  798  463  307  482  471  
209  699  522  1  761  777  810  341  354  964  642  152  723  70  971  920  846  888  772  461  740  849  572  398  619  635  34  493  25  483  505  840  938  187  255  565  213  117  453  161  990  174  752  965  732  628  869  517  466  326  388  334  675  135  267  404  198  230  132  189  258  293  993  198  210  923  539  551  969  728  393  597  233  693  406  901  389  22  835  232  23  165  868  159  156  220  279  324  827  623  798  842  996  627  702  195  773  423  504  108  
648  966  84  326  176  989  390  340  458  567  217  396  257  267  839  108  649  854  555  811  461  107  949  297  413  132  188  283  895  755  843  431  141  393  98  504  663  554  677  151  815  867  201  22  963  58  362  626  80  617  131  669  673  110  981  700  975  817  376  532  130  114  775  188  230  783  117  399  193  240  814  352  960  991  33  898  114  79  961  267  252  768  315  285  939  451  658  401  96  672  637  448  85  506  194  407  214  388  475  70  
883  459  119  117  777  607  228  235  545  782  800  861  976  815  271  784  357  288  191  331  34  789  191  211  466  406  438  484  512  251  888  513  272  814  970  337  759  677  207  950  596  43  995  107  418  18  236  665  22  952  321  686  267  835  835  859  77  881  432  656  690  312  606  374  540  951  908  640  308  879  980  791  561  874  365  201  845  854  189  645  760  606  940  558  166  286  636  114  811  104  916  813  799  440  363  767  997  592  353  102  
621  97  257  209  673  847  859  11  781  359  343  856  767  80  604  767  958  299  310  748  928  152  685  265  443  438  618  504  604  447  957  168  646  302  193  729  83  126  49  165  974  896  900  726  80  936  996  390  369  213  749  70  927  251  816  487  218  23  175  599  912  486  691  672  267  794  321  299  896  98  723  396  468  933  874  34  879  243  930  21  818  232  158  292  60  486  658  635  704  494  823  110  427  610  568  316  865  418  364  490  
855  433  493  90  787  523  581  537  631  413  240  626  541  569  60  786  252  373  804  177  705  967  861  865  745  631  224  295  98  321  342  851  193  861  834  861  870  213  431  118  717  202  386  344  157  99  787  755  379  4  901  861  41  231  653  749  71  585  415  621  235  619  747  585  725  611  159  560  771  423  462  678  244  782  726  251  32  963  135  556  884  119  904  284  308  753  307  934  896  12  208  418  777  733  824  386  109  752  728  311  
213  958  621  213  400  749  654  360  913  972  629  137  644  633  984  497  526  146  732  736  609  732  497  90  438  979  216  56  101  830  0  454  153  574  104  262  239  299  72  161  124  371  344  605  758  152  250  31  235  245  875  286  782  125  556  522  80  647  551  175  122  594  477  634  497  737  788  790  346  243  550  595  981  51  301  493  111  286  994  628  239  406  988  605  218  794  702  612  697  527  25  964  728  136  921  613  290  389  652  81  
656  363  44  435  408  528  286  980  42  553  515  68  686  194  668  193  793  369  682  566  303  967  755  835  474  988  425  237  944  302  484  11  194  765  256  924  297  559  841  167  788  539  66  297  204  804  86  77  352  460  590  443  516  26  664  680  556  770  209  709  287  383  337  151  103  599  420  298  732  571  25  418  496  537  484  32  781  121  126  86  579  704  916  703  46  820  69  126  139  549  612  17  363  932  318  137  817  939  805  857  
941  440  403  233  547  392  826  102  477  212  528  111  965  242  73  199  343  418  684  250  995  867  823  85  752  842  671  815  108  494  751  806  352  491  641  711  448  386  355  630  161  105  177  710  67  52  169  141  685  351  923  367  647  598  334  14  475  44  952  571  181  204  246  163  210  24  257  137  852  68  34  612  147  653  508  988  912  27  135  943  75  960  725  394  364  596  653  398  286  959  550  761  143  121  101  334  165  10  695  746  
923  281  146  964  440  83  301  424  920  123  168  87  332  832  567  415  173  871  40  91  446  949  779  903  719  353  73  42  78  245  69  79  696  839  552  626  5  584  537  836  345  728  873  523  302  371  523  226  207  740  34  336  176  93  142  895  801  952  230  35  329  853  249  756  383  825  760  954  692  519  507  69  796  109  307  494  540  334  639  846  125  383  417  641  694  697  448  13  776  442  744  805  450  839  78  837  909  818  877  817  
666  492  119  590  480  248  501  189  882  28  407  951  628  548  423  786  246  669  463  879  49  291  859  964  566  751  161  69  854  640  677  34  668  228  921  500  567  932  754  66  27  722  717  163  879  671  168  271  298  61  6  599  799  502  522  341  855  392  733  552  221  605  466  816  772  707  854  699  981  828  869  226  117  587  591  420  835  604  794  28  431  854  329  241  822  25  82  250  770  646  982  996  375  711  89  737  104  467  241  927  
159  750  715  882  267  739  64  455  76  887  815  390  570  692  605  610  259  870  463  265  868  997  512  795  687  88  846  329  282  410  342  851  144  20  880  277  745  407  685  407  541  500  140  376  214  154  573  334  810  586  701  453  671  754  15  354  650  869  60  986  176  284  201  676  493  739  431  879  275  122  704  777  178  46  405  774  998  740  117  737  78  369  199  746  873  137  328  820  275  378  528  505  445  388  407  909  162  855  942  740  
349  649  863  577  32  419  750  244  200  446  1  966  572  63  515  204  324  661  398  470  31  899  950  91  276  838  443  299  906  428  967  352  539  975  590  282  707  5  138  214  46  533  70  426  311  280  691  703  70  922  230  452  177  844  130  771  675  103  122  818  425  110  919  560  817  520  255  353  806  153  767  264  494  405  255  593  444  744  531  40  705  197  91  289  638  312  48  861  292  226  918  517  261  1  617  966  523  353  496  130  
565  347  199  375  459  273  680  302  47  939  833  346  707  385  920  578  217  53  219  21  997  27  669  249  319  537  883  808  229  845  588  296  701  48  350  182  808  821  590  14  891  165  31  273  862  66  668  851  815  166  760  895  505  863  874  498  437  401  639  969  715  761  184  848  98  722  906  800  699  229  372  844  676  473  386  489  616  549  936  95  227  390  555  328  340  194  786  499  699  7  114  349  193  248  102  854  119  893  173  843  
895  383  390  741  823  605  302  942  444  789  786  571  834  658  720  50  450  950  328  273  436  165  424  784  476  263  300  605  649  199  725  763  672  676  928  445  967  691  759  84  270  951  157  987  96  175  115  371  614  938  688  256  805  569  973  191  206  488  317  562  275  403  883  922  594  234  703  928  185  777  177  568  673  22  966  138  824  943  615  614  342  975  742  603  577  109  700  460  388  802  70  449  34  605  886  981  337  908  838  505  
753  289  463  900  731  534  935  93  910  751  913  207  781  499  559  207  973  414  906  325  866  766  122  325  945  224  593  673  32  631  113  261  746  496  942  518  703  452  470  431  536  731  5  354  303  946  917  808  484  872  995  565  749  787  781  515  277  234  575  1  309  182  972  15  177  858  370  225  353  292  542  606  127  431  39  171  48  718  487  801  315  111  723  664  303  938  11  30  842  293  109  537  851  917  748  252  857  139  110  993  
117  408  508  483  561  927  386  351  12  181  86  159  406  783  549  978  685  345  537  980  315  6  431  789  598  785  404  832  911  215  288  482  494  686  531  773  298  166  59  289  871  515  128  622  312  396  607  296  676  699  466  414  588  969  600  73  930  710  89  718  70  193  746  921  50  282  751  926  573  226  830  388  165  611  384  889  429  690  955  612  118  973  626  443  202  530  150  881  732  390  965  435  986  399  449  704  340  119  596  219  
415  205  287  238  866  817  930  677  18  580  917  244  17  218  253  205  569  917  707  386  438  695  742  299  73  484  113  357  928  145  951  776  715  109  114  555  898  442  475  701  979  536  3  562  167  615  448  169  996  206  220  567  965  893  832  674  725  771  909  915  850  877  411  712  998  292  898  293  98  514  157  543  723  520  792  604  262  199  926  347  23  713  565  588  677  699  373  299  130  306  475  910  54  870  988  760  963  319  52  49  
420  579  439  660  742  370  687  470  824  598  356  126  375  874  993  93  234  701  667  994  685  723  157  538  400  73  718  123  431  610  428  108  53  259  994  531  33  496  653  130  267  41  116  79  184  956  909  990  16  952  117  789  897  771  216  19  173  105  310  574  990  33  990  425  257  526  276  582  808  855  981  437  538  75  108  865  109  501  246  379  244  343  919  126  939  414  447  254  855  418  991  965  819  992  421  484  164  438  800  10  
118  355  397  188  664  617  39  337  27  999  221  97  616  335  926  329  278  472  928  206  883  977  157  980  162  459  607  513  67  978  970  987  712  288  375  274  467  190  890  683  205  543  833  458  945  283  605  372  791  957  829  582  789  689  53  414  792  446  990  36  960  611  278  396  153  626  24  170  54  70  375  306  400  178  597  324  68  63  400  785  770  945  243  764  433  191  826  640  473  237  46  81  760  143  521  17  990  101  660  531  
836  750  532  268  791  162  260  658  339  648  667  172  762  976  246  860  980  326  448  893  952  187  749  725  0  2  614  944  202  20  999  630  979  65  597  642  895  124  123  816  59  217  771  923  548  861  449  600  256  202  363  394  9  806  789  347  730  863  370  275  218  941  748  216  14  51  412  499  147  756  973  514  537  982  643  224  299  262  553  293  154  424  704  107  737  288  796  758  260  658  815  919  26  130  113  214  1  1  23  849  
392  822  576  637  783  252  559  167  227  669  499  96  879  251  122  219  820  38  251  804  504  160  419  207  629  1  344  122  744  895  201  808  410  413  702  427  91  743  844  566  178  512  393  932  361  400  469  855  749  293  817  241  948  172  674  968  895  868  909  274  551  848  919  30  219  335  324  762  831  242  973  206  185  961  151  13  45  954  110  971  97  79  945  567  850  482  582  118  269  736  766  249  50  176  883  509  778  863  574  157  
121  817  846  470  390  565  971  727  488  269  896  186  499  985  302  899  600  15  989  5  874  465  429  275  717  476  131  146  521  448  384  152  76  672  35  328  733  232  455  646  452  806  479  929  624  799  493  610  553  671  922  680  259  499  912  309  588  671  35  384  340  95  93  247  579  956  849  57  426  798  872  86  807  432  119  36  499  773  418  671  128  84  889  459  756  146  808  281  331  373  661  124  129  921  19  159  628  809  683  501  
375  779  66  196  635  64  405  310  841  758  913  46  43  892  79  820  368  546  252  437  78  267  959  786  513  200  508  50  202  770  285  767  275  59  256  706  22  129  596  20  485  448  397  83  149  859  695  989  628  711  551  539  337  452  420  405  514  841  565  126  416  19  196  292  752  633  848  342  587  663  640  986  652  949  915  842  649  268  533  410  387  845  860  409  184  461  497  346  688  400  777  678  132  329  171  687  834  123  900  3  
989  991  814  731  498  931  591  480  37  419  414  609  466  327  544  386  535  881  32  525  894  113  38  86  209  255  822  661  718  283  425  549  114  220  977  228  722  524  309  919  700  685  964  628  644  499  695  827  770  764  391  361  145  824  526  90  923  281  665  202  551  751  162  121  237  731  213  761  408  206  328  581  898  485  613  871  46  235  860  766  534  827  65  483  892  688  710  310  606  204  145  706  875  785  957  409  689  887  326  141  
513  603  366  45  707  8  229  816  499  788  989  969  901  786  515  270  524  15  961  687  518  283  713  608  539  782  260  187  508  925  369  877  585  704  553  419  91  961  262  473  600  66  708  254  76  355  656  800  172  176  77  351  702  59  829  849  709  603  756  122  577  824  545  341  299  49  566  699  238  956  598  22  976  769  174  395  623  108  60  867  265  118  116  756  428  751  778  120  749  554  705  794  108  60  330  464  651  546  448  481  
319  390  312  957  552  725  887  51  411  753  915  115  686  542  555  657  555  27  403  426  654  952  351  423  857  526  152  563  135  638  29  258  220  842  265  336  547  82  738  922  498  85  994  301  904  973  646  2  951  948  900  371  965  928  49  725  380  849  328  633  864  859  199  825  689  29  772  147  54  236  732  589  738  548  84  365  75  253  441  139  612  630  585  575  109  816  516  72  433  769  629  352  989  604  379  273  752  626  53  595  
477  783  514  510  853  411  725  767  338  827  135  169  406  323  719  353  43  835  204  77  412  211  52  729  455  604  549  688  262  533  816  28  899  94  341  587  161  13  57  854  681  851  613  22  58  441  601  637  970  4  573  775  121  523  495  715  893  497  464  834  463  827  449  258  780  623  228  303  840  631  29  31  645  497  423  280  994  476  243  217  895  65  659  346  396  3  68  320  128  197  34  785  703  743  221  352  173  884  281  542  
608  3  716  365  594  216  433  770  715  511  273  175  125  452  537  730  649  9  358  877  247  93  637  18  562  54  735  931  506  707  506  44  755  832  595  942  179  310  142  552  745  502  752  507  89  802  324  723  620  177  330  230  988  269  958  386  604  11  820  639  702  918  457  13  959  288  980  299  429  918  916  278  920  278  163  251  510  456  536  377  753  94  298  702  443  433  0  788  82  146  598  711  462  946  650  942  734  495  421  83  
859  443  461  105  909  658  150  841  9  488  521  121  428  332  69  297  393  877  913  492  894  696  291  664  877  915  883  473  142  969  609  960  786  755  398  163  306  463  542  154  486  687  602  589  409  224  796  733  641  957  515  558  277  768  439  541  912  893  62  316  546  843  189  511  437  632  498  642  780  768  878  849  392  465  408  883  908  405  124  644  824  973  523  742  156  727  852  635  866  580  80  530  677  529  435  627  673  583  647  777  
384  513  58  675  603  362  503  422  162  344  642  387  34  609  69  264  813  136  104  838  648  20  605  583  349  925  537  937  969  796  895  748  208  7  551  443  252  781  443  282  973  748  369  549  266  788  733  705  749  271  278  450  733  696  673  599  709  478  339  557  434  627  999  135  913  21  775  599  567  80  952  188  66  901  694  815  981  908  462  467  985  81  19  154  46  78  847  22  73  549  203  883  607  464  51  686  952  599  992  233  
