

Matriz a(Execução Paralela)

973  96  161  642  146  54  637  6  607  771  227  172  331  307  174  947  527  347  647  972  16  808  534  593  624  781  786  496  235  295  579  41  295  550  20  888  629  826  127  934  293  407  657  690  46  599  140  984  946  763  371  468  463  6  456  901  450  709  489  649  463  727  802  352  195  389  212  687  594  661  50  388  661  505  68  297  547  759  260  911  368  101  94  225  355  316  749  665  993  966  88  746  247  172  620  836  660  528  499  550  
357  723  506  491  811  869  352  643  327  583  898  549  13  22  507  366  366  855  401  240  647  129  883  18  927  659  886  240  486  595  127  975  497  480  347  127  930  765  41  781  213  123  81  372  37  961  191  824  108  683  263  774  961  724  980  563  460  385  884  64  597  603  867  215  731  872  248  580  216  271  556  763  457  375  390  170  940  403  244  946  426  979  677  704  84  434  281  26  169  584  425  256  701  268  971  657  142  479  862  887  
640  767  788  16  569  302  141  818  518  711  864  922  147  837  533  592  378  120  102  123  779  229  915  165  234  224  308  570  671  105  153  18  462  328  702  305  446  502  194  632  311  529  887  361  340  788  804  180  697  553  277  201  278  220  852  105  585  949  473  102  665  233  613  259  958  30  916  225  687  369  129  488  891  630  459  294  449  187  805  127  243  586  92  305  413  881  881  426  140  575  182  768  449  141  325  765  228  854  436  822  
5  205  693  758  110  794  146  131  453  504  910  669  38  462  374  974  852  823  926  947  136  593  304  197  138  767  559  780  292  443  289  89  831  172  899  534  373  319  863  173  557  757  713  970  844  561  375  493  257  412  54  192  921  327  873  65  585  412  837  572  26  170  256  9  607  787  759  501  570  331  783  256  436  751  3  978  939  104  692  578  141  891  191  941  19  478  327  991  273  136  260  674  498  998  636  408  321  318  781  854  
802  602  124  935  126  162  0  681  286  230  320  105  6  55  259  334  963  193  438  332  823  632  359  248  217  59  625  355  506  121  456  109  57  334  620  943  473  938  987  924  960  575  175  685  256  646  471  240  107  157  224  116  207  150  964  876  353  678  843  85  181  16  566  70  564  62  459  811  566  627  457  566  335  392  845  43  550  394  286  173  552  148  627  226  740  847  541  833  823  50  839  107  847  527  657  333  861  387  11  840  
228  777  815  499  398  109  359  662  77  272  38  243  358  789  98  955  914  886  199  11  583  724  207  785  68  233  45  190  249  715  226  402  404  24  422  471  592  81  112  403  608  748  761  829  738  698  10  227  950  73  166  334  485  199  506  507  399  156  512  478  549  10  619  533  149  788  29  598  795  432  460  94  644  762  44  639  190  671  574  597  764  427  629  646  814  399  201  684  797  954  884  472  995  243  170  860  809  120  831  148  
106  142  656  570  469  894  83  318  744  736  578  574  543  583  410  375  156  193  290  576  833  289  247  432  577  170  172  116  852  642  743  310  129  576  671  212  349  492  809  372  882  42  42  474  276  307  527  334  124  968  784  301  447  219  867  842  729  316  276  688  963  148  242  527  12  794  493  224  523  864  171  431  186  345  339  892  406  417  417  870  411  313  271  773  989  597  156  186  825  652  310  109  361  548  300  522  143  767  70  946  
337  429  782  801  770  88  823  841  34  70  691  99  171  47  460  725  956  259  56  940  387  62  127  231  283  820  424  245  382  675  783  77  643  361  827  248  312  603  341  837  243  326  435  81  378  710  865  656  274  913  577  45  29  391  866  393  965  361  724  740  765  107  451  821  870  646  945  311  534  974  886  539  326  493  507  892  218  755  61  267  915  659  108  423  169  923  531  760  562  127  850  49  336  578  518  352  654  514  707  251  
506  782  496  64  22  631  272  120  929  841  601  418  163  373  949  616  197  964  942  520  630  850  23  401  859  180  293  840  22  999  660  182  103  919  590  943  232  720  742  370  729  837  923  624  820  667  664  179  988  232  224  844  246  478  750  905  658  974  547  345  955  226  505  6  704  228  836  238  167  284  496  245  728  922  214  26  357  656  720  308  457  859  259  361  982  982  53  988  169  971  820  201  160  703  598  133  579  513  231  71  
384  255  964  468  337  396  550  596  752  122  538  343  362  256  150  443  225  264  198  462  844  216  492  378  689  810  54  49  555  722  49  470  70  900  476  414  599  888  711  521  521  955  586  681  354  787  114  894  596  311  942  811  655  344  208  704  348  359  591  909  212  909  552  184  286  977  981  948  496  433  966  422  853  57  476  156  821  297  749  269  874  694  929  399  894  351  715  177  898  50  739  157  770  547  616  969  980  888  51  227  
47  28  182  95  216  38  811  118  223  317  898  780  152  434  186  534  93  730  57  7  529  239  615  702  848  210  172  373  547  959  673  847  335  164  148  735  429  95  629  450  380  556  413  945  665  664  247  765  721  333  535  118  285  65  414  994  572  965  872  247  575  416  692  901  502  6  682  803  152  448  52  820  607  825  883  517  146  970  250  255  404  434  71  435  290  838  702  23  489  297  912  147  373  600  552  912  839  973  254  310  
950  765  781  216  230  8  543  599  742  173  728  687  227  471  831  618  770  608  889  911  651  161  968  239  977  419  465  324  318  77  979  526  11  986  443  483  812  598  917  953  626  725  77  139  19  848  763  127  860  637  340  432  398  41  109  141  222  29  939  165  111  611  238  197  386  187  892  439  173  846  233  144  58  78  596  647  542  64  37  605  378  639  131  717  246  254  762  338  905  578  545  967  189  346  562  559  112  788  602  818  
197  261  328  664  785  196  627  629  385  987  659  73  224  587  730  347  647  548  12  769  229  6  880  159  438  678  251  105  624  560  18  727  592  182  157  396  11  866  252  714  217  374  969  847  147  797  924  764  333  709  893  743  103  612  764  63  325  988  501  231  759  981  296  522  795  405  556  777  349  974  155  659  864  772  425  970  79  937  542  294  700  599  315  216  90  794  801  725  438  240  317  197  920  269  863  319  768  311  722  827  
523  402  526  243  636  81  937  375  367  971  492  75  369  766  905  615  435  730  955  988  989  444  638  190  144  885  157  506  892  783  122  285  168  716  928  630  295  386  948  793  519  543  410  489  726  21  796  513  445  2  357  48  534  534  732  999  962  954  228  247  211  538  776  212  792  118  980  928  743  91  350  453  900  425  979  315  56  488  151  250  77  100  316  317  902  818  27  787  107  902  233  43  417  523  432  451  720  21  79  805  
887  495  636  583  882  276  157  973  355  948  150  54  47  573  556  647  335  419  800  479  790  678  144  817  970  966  351  911  844  878  388  138  626  210  169  235  244  246  10  500  323  316  85  464  85  417  233  683  254  189  894  839  864  126  932  173  643  144  336  188  823  931  985  105  142  368  273  732  847  753  815  306  933  829  673  900  726  396  438  516  583  253  705  679  925  938  34  235  326  204  727  230  926  105  808  984  366  670  512  31  
382  354  583  325  155  530  941  536  524  258  168  709  582  486  550  186  704  821  638  431  856  895  641  584  428  571  414  738  629  928  547  999  862  30  328  584  338  351  517  366  219  231  963  684  655  813  888  957  517  301  140  677  622  924  817  335  358  471  943  531  145  96  293  961  18  71  812  815  447  737  901  770  744  471  11  284  663  85  931  275  481  509  888  970  130  295  307  918  335  240  127  815  845  749  434  273  15  338  744  254  
708  971  786  498  127  733  628  482  152  650  923  209  656  184  741  745  250  445  995  738  516  441  385  99  573  440  111  346  552  3  48  769  367  457  655  967  395  351  441  24  855  393  933  955  789  556  808  166  872  946  30  959  577  928  35  697  932  223  495  409  986  365  95  365  898  832  784  592  153  967  471  924  401  941  132  236  341  427  757  237  194  768  607  337  912  487  399  239  672  534  598  474  841  382  35  588  979  492  634  751  
636  859  394  129  176  979  828  121  627  146  64  970  770  949  258  395  360  356  385  192  892  95  728  576  744  225  710  500  916  952  824  449  833  845  166  202  930  262  338  726  316  485  908  897  190  629  83  121  947  865  799  568  380  89  546  928  699  481  565  248  483  272  798  330  155  322  14  614  465  386  73  742  803  400  231  231  112  843  359  473  813  899  747  835  772  93  455  454  23  740  379  500  266  312  648  301  471  814  607  846  
906  908  245  558  461  591  731  662  94  819  513  693  459  950  803  157  600  481  723  774  784  532  158  892  663  53  403  887  912  829  237  583  282  327  954  738  429  758  565  276  963  898  54  794  161  686  720  99  644  993  643  867  145  703  32  628  853  691  178  356  875  587  420  86  972  312  77  909  856  657  856  580  978  251  288  443  714  839  377  7  636  576  474  705  270  503  838  393  951  557  201  519  443  700  568  101  307  786  817  660  
33  683  738  762  657  522  813  773  51  941  393  495  324  778  612  102  668  281  780  766  851  815  997  901  821  483  76  786  557  370  74  27  701  370  965  826  267  860  496  596  775  859  675  910  721  980  765  820  911  897  341  711  348  870  441  153  668  110  541  288  652  570  885  509  991  816  302  729  747  37  414  75  35  479  820  128  525  769  186  15  442  507  823  752  790  309  921  264  965  96  927  395  950  89  605  919  500  923  889  857  
895  552  98  919  554  995  912  633  269  453  262  532  946  59  772  277  421  912  833  662  316  684  270  552  790  704  774  349  168  557  137  920  674  9  568  84  592  653  474  806  453  69  221  231  322  396  209  346  892  140  70  391  484  455  741  289  680  150  300  194  102  875  331  953  792  108  844  237  531  927  808  369  937  228  548  820  167  852  522  643  937  628  843  606  721  646  138  324  391  100  972  427  818  41  388  664  997  38  539  271  
381  78  436  472  382  111  341  366  452  21  322  861  687  333  556  792  217  875  23  956  513  912  881  980  114  819  149  81  453  483  520  262  514  278  107  798  646  945  966  370  470  381  214  875  450  866  366  464  613  291  465  61  729  717  583  728  647  845  549  129  724  733  655  493  671  515  961  847  126  279  827  812  513  510  874  537  766  239  731  835  667  234  667  515  555  264  114  588  527  955  951  730  542  475  444  689  183  129  489  303  
867  500  430  703  40  789  746  723  47  41  897  613  439  204  83  210  339  876  743  267  942  545  766  970  479  614  508  422  887  660  16  626  87  36  285  728  63  479  50  645  33  428  644  817  28  996  995  966  181  102  929  259  87  338  847  244  755  436  186  855  435  791  914  565  416  156  84  682  371  974  349  660  760  898  38  676  383  256  416  628  301  480  725  766  567  836  150  356  654  209  178  481  110  200  211  354  608  911  717  947  
728  967  432  802  880  129  221  242  763  730  102  351  607  945  29  0  905  929  230  70  780  943  241  895  988  498  359  543  29  513  230  164  393  797  511  413  550  349  837  735  165  56  640  427  375  155  879  174  402  678  604  846  49  541  610  398  546  432  505  743  137  911  602  900  306  342  678  840  908  9  552  958  752  540  307  708  945  2  998  804  357  368  701  384  745  564  273  690  20  943  279  302  866  149  173  149  848  925  273  175  
479  409  172  443  473  420  939  862  697  50  31  118  919  481  562  649  257  994  66  559  157  900  371  73  762  277  548  292  135  414  915  238  331  322  132  260  644  170  276  117  707  904  37  719  356  494  610  108  59  947  858  144  834  913  633  578  263  54  378  788  298  564  857  721  580  455  460  715  996  291  730  358  259  104  724  300  263  179  688  861  660  682  388  842  246  779  623  391  900  425  147  907  430  860  535  285  823  269  433  556  
581  147  400  891  277  948  832  128  236  596  927  704  216  635  12  600  22  942  415  906  172  860  371  66  734  531  496  684  798  743  30  421  436  334  148  626  669  611  606  712  720  188  492  657  164  370  103  448  965  286  110  273  653  226  799  752  415  763  474  924  798  33  919  296  324  528  688  678  888  6  880  56  503  161  195  724  930  220  703  355  664  358  552  127  274  696  786  687  700  465  647  904  788  136  592  601  907  140  152  459  
400  419  149  627  500  310  751  710  256  197  675  800  82  52  313  664  327  313  504  636  490  913  532  388  378  495  734  158  210  808  674  829  674  590  478  678  187  246  630  322  352  224  556  489  960  587  612  393  351  178  846  522  732  663  877  877  926  802  740  825  175  295  784  617  187  681  41  277  25  614  410  388  560  657  680  659  309  246  263  756  552  702  47  302  535  871  421  333  906  558  358  454  94  732  487  442  829  587  217  340  
418  755  848  488  786  885  538  313  958  955  772  87  229  665  415  28  302  821  666  578  636  767  649  386  530  644  443  259  693  109  658  966  73  711  820  570  428  383  638  848  542  124  23  245  442  864  666  663  310  100  614  182  270  336  8  849  80  956  232  434  16  557  153  239  955  631  489  278  384  867  488  620  954  822  806  66  563  207  421  572  139  98  710  383  630  77  399  199  259  950  970  306  736  903  520  629  763  567  708  857  
316  830  13  784  70  381  267  554  132  824  771  575  824  145  213  144  414  594  819  527  344  455  524  175  515  181  126  386  934  611  177  173  922  468  688  602  453  213  587  697  713  969  80  971  641  279  953  774  4  588  502  646  930  331  803  526  827  646  772  418  703  543  652  912  312  471  109  787  284  474  450  804  758  406  81  541  668  942  36  27  131  527  126  440  38  422  811  681  758  787  104  699  283  295  505  941  489  493  97  90  
94  176  84  573  359  881  89  641  674  67  67  428  302  254  343  760  751  683  183  998  870  946  741  495  213  742  571  552  464  602  711  377  359  203  453  802  824  857  868  850  801  930  194  838  283  261  419  411  290  256  677  64  241  383  679  490  530  18  575  413  675  761  211  132  676  830  792  838  85  663  374  605  861  367  901  700  789  81  992  604  27  64  487  563  586  453  74  378  646  925  25  857  949  414  338  761  201  95  226  5  
410  865  924  974  417  726  463  370  888  861  497  392  228  174  930  963  940  840  531  41  100  805  573  174  146  334  774  466  321  256  615  963  284  51  817  232  202  403  837  940  95  597  362  219  340  520  305  52  269  485  125  211  80  628  127  842  278  980  229  771  593  575  74  629  717  472  273  824  251  466  635  270  808  14  600  153  509  432  250  411  104  919  453  958  703  711  962  512  892  605  107  378  668  126  305  901  618  116  473  418  
841  286  477  93  910  283  846  533  132  947  847  27  448  762  429  52  173  898  123  284  826  796  258  305  615  226  958  377  279  796  315  513  919  949  6  860  661  153  984  708  460  461  229  847  139  219  339  873  645  953  638  986  35  5  696  428  805  951  334  92  937  443  821  34  858  89  411  902  41  563  107  777  761  210  656  125  876  918  690  194  619  944  79  679  331  645  496  841  323  617  412  82  506  477  419  953  53  864  16  617  
686  21  282  129  248  510  660  400  119  325  391  331  797  723  65  149  662  503  239  658  405  948  158  735  263  87  759  993  621  404  729  328  800  412  785  928  965  61  372  629  544  694  253  696  292  397  929  538  536  912  8  763  342  556  270  959  69  989  479  31  814  106  506  640  771  916  956  505  35  11  749  486  363  341  816  12  135  196  379  289  341  363  223  833  66  165  449  31  54  929  727  278  235  294  374  875  835  471  112  946  
927  140  35  985  612  989  852  876  767  787  99  766  161  268  72  352  310  738  107  74  504  434  745  331  904  772  826  191  908  131  728  924  668  395  826  856  655  506  670  35  427  525  869  733  137  944  439  20  982  113  296  163  493  697  227  482  882  808  418  534  874  532  144  742  431  14  21  897  896  873  617  255  284  567  268  186  375  626  729  632  765  68  787  64  131  500  904  951  501  302  978  926  986  29  964  610  475  527  82  727  
707  909  33  65  353  558  845  657  0  991  225  113  455  721  961  476  980  902  76  197  396  625  246  938  550  474  553  188  349  59  411  270  972  107  346  288  212  828  868  447  48  186  660  426  354  890  790  492  830  676  324  929  148  407  897  438  715  248  818  322  913  158  453  299  199  870  265  142  961  174  245  271  315  15  725  825  39  196  502  634  308  689  451  894  720  690  704  887  965  226  332  966  210  29  915  232  136  746  225  832  
421  144  731  725  942  507  904  440  428  131  877  684  545  26  317  241  861  632  655  247  65  709  201  428  700  130  947  763  659  532  118  313  315  366  140  741  355  57  489  451  581  803  110  860  211  594  254  438  62  275  466  860  585  580  815  98  620  641  959  847  981  15  389  646  224  107  706  339  135  958  972  895  309  360  886  256  421  933  963  465  200  456  36  465  898  595  449  130  886  944  532  0  848  479  761  475  888  453  49  963  
407  485  214  976  185  142  849  35  130  512  399  29  70  899  242  130  33  271  452  568  13  146  430  314  289  905  462  684  390  7  831  42  445  387  394  329  292  752  987  546  888  758  142  239  141  385  560  963  880  827  714  594  101  555  696  297  996  393  416  644  159  748  926  963  54  338  981  664  83  156  471  351  938  692  645  354  328  459  434  448  861  971  353  34  835  622  48  914  86  114  596  528  86  529  76  866  623  153  297  406  
330  268  594  136  980  997  479  51  324  520  828  622  50  332  861  764  323  705  568  391  369  840  213  971  351  427  754  75  130  9  996  450  124  942  680  991  818  877  0  302  188  83  817  927  765  898  704  670  824  70  181  214  242  463  776  746  479  972  335  474  653  32  425  590  325  260  741  578  480  817  308  934  917  184  366  265  200  584  624  81  375  594  538  898  734  221  703  785  154  185  302  635  763  594  69  191  114  875  181  612  
466  68  792  288  851  970  255  311  881  626  264  652  723  945  685  359  167  75  440  211  859  710  106  187  719  962  659  488  230  359  875  393  524  395  799  368  465  607  912  381  218  692  741  241  329  47  320  529  395  863  774  429  575  879  192  580  911  564  231  638  783  244  652  438  554  193  597  737  723  833  28  271  177  171  361  829  676  608  360  397  884  612  669  571  2  288  900  508  789  173  741  293  222  262  164  909  576  218  279  504  
686  133  672  289  49  827  930  556  537  648  689  757  784  959  50  184  894  652  890  662  295  184  978  568  705  553  735  268  698  43  728  697  918  264  16  264  925  335  684  137  771  203  151  631  138  923  872  801  874  417  93  734  296  114  385  948  620  201  600  549  92  8  292  247  910  332  80  335  803  483  145  945  447  437  253  94  725  132  739  634  288  458  890  576  292  709  422  173  738  386  773  510  802  771  279  791  547  886  92  241  
566  604  279  631  665  521  832  182  759  407  440  854  716  482  517  897  894  112  117  470  888  87  888  330  80  842  750  597  584  370  343  524  602  21  433  601  812  869  948  43  850  791  42  650  363  358  882  299  388  685  59  716  9  478  326  254  850  705  316  900  930  363  886  36  706  674  524  136  948  947  389  273  188  593  77  922  89  419  132  140  433  656  915  291  378  625  778  140  293  795  165  609  236  7  261  955  212  168  658  971  
734  985  110  501  984  280  229  993  849  875  465  95  369  261  338  158  342  701  90  770  667  908  630  344  827  913  64  6  811  530  57  508  542  313  821  153  722  625  871  372  959  451  147  8  72  401  226  50  506  574  728  650  497  401  273  212  810  444  954  866  251  621  245  896  351  248  852  771  437  54  934  174  712  703  431  267  186  968  953  875  313  72  529  874  347  933  988  794  470  598  801  434  320  732  168  346  589  962  695  206  
151  662  94  837  984  683  512  533  779  516  74  764  24  631  704  125  958  708  91  693  914  841  911  650  110  483  312  359  293  891  12  958  867  307  291  771  26  347  308  752  263  260  706  810  850  207  731  847  732  499  592  523  507  314  992  46  273  375  904  435  27  431  189  159  837  841  506  916  771  714  813  346  386  513  907  441  20  276  724  157  475  517  417  638  165  933  778  378  37  988  652  506  362  874  952  398  745  964  518  517  
150  310  224  398  952  761  155  428  170  98  48  265  69  719  90  546  731  150  503  643  494  964  689  687  711  631  759  965  987  257  628  794  928  113  697  296  797  176  878  832  959  772  539  945  39  716  365  940  609  81  997  227  776  757  394  918  997  52  790  874  743  195  470  911  476  145  923  916  605  640  598  632  495  152  593  856  718  361  448  344  732  66  198  392  447  27  555  405  697  411  947  832  33  47  218  471  967  152  588  790  
220  808  569  114  911  896  589  970  756  289  334  626  360  469  118  645  120  113  689  758  534  18  560  283  973  232  43  551  196  579  694  450  910  729  770  248  227  794  996  99  767  136  851  829  752  910  827  334  245  627  174  645  249  619  994  575  199  139  318  850  360  455  478  181  664  689  750  462  774  408  162  631  618  475  772  278  433  864  799  191  243  990  312  216  910  739  733  617  603  643  318  733  462  38  671  354  492  612  831  57  
21  215  379  554  432  901  860  592  974  273  719  148  270  453  83  361  352  374  469  883  349  972  663  148  675  205  279  525  879  853  867  77  971  547  283  153  895  307  919  32  907  347  55  586  267  885  881  181  571  280  789  155  922  739  21  675  627  535  240  170  13  736  894  518  597  320  989  343  498  8  609  346  86  148  547  779  124  745  776  695  780  717  642  844  676  315  845  157  809  26  143  309  331  10  386  63  142  794  46  456  
500  944  447  594  240  654  134  613  62  653  515  164  823  561  568  922  720  969  609  463  689  433  104  994  547  214  237  917  643  245  290  944  427  88  204  699  808  198  245  139  14  22  111  488  847  112  299  273  186  456  848  124  0  663  527  278  130  448  458  627  79  780  517  123  442  331  28  345  895  616  836  809  806  815  935  86  856  845  479  405  295  852  795  513  546  210  623  636  373  813  309  318  391  13  482  613  389  878  204  66  
924  536  903  204  524  77  983  395  647  750  47  826  401  306  496  194  778  332  685  984  366  248  971  602  886  578  702  451  120  412  95  136  945  90  210  782  146  234  651  138  272  493  856  893  245  845  506  402  725  283  5  742  59  342  471  138  697  105  413  487  542  473  25  680  690  873  560  781  886  877  384  681  870  344  838  209  720  362  349  814  558  225  731  490  918  242  213  60  684  788  979  999  901  258  342  621  60  571  158  723  
986  952  832  394  638  513  701  258  300  748  998  442  458  603  410  784  381  592  114  913  794  120  868  990  832  682  11  212  283  827  808  894  924  439  778  457  35  605  104  940  999  279  735  1  116  93  784  397  963  757  985  304  407  649  75  56  891  462  851  225  698  188  850  961  126  390  727  379  426  488  325  171  755  856  175  280  833  115  727  771  339  421  934  515  896  876  61  58  858  809  602  719  85  188  527  673  742  203  221  244  
366  158  270  555  686  658  471  515  900  577  556  368  907  402  141  70  873  954  782  422  385  791  877  11  913  253  556  240  223  255  703  624  156  955  743  769  954  730  229  117  98  66  554  351  198  163  875  279  133  298  50  370  140  773  991  89  18  756  365  555  900  376  561  90  151  843  894  904  333  851  12  59  494  500  439  332  831  689  827  880  808  983  468  289  760  350  92  708  315  77  590  151  899  673  88  759  100  505  261  635  
961  929  544  721  637  994  989  347  324  778  577  750  920  645  106  103  407  423  112  401  889  732  835  415  927  895  790  658  959  155  65  352  444  273  109  930  642  895  153  241  136  289  193  876  150  295  502  904  510  115  552  108  167  293  503  183  644  565  738  129  11  100  742  643  625  903  104  467  154  856  190  40  759  499  848  687  64  515  244  576  793  183  15  312  10  780  727  475  669  831  309  173  4  431  72  966  867  925  676  280  
537  658  66  334  212  75  569  3  434  731  346  683  204  917  409  322  405  548  367  439  632  202  461  773  591  473  555  462  960  249  222  236  714  903  399  878  877  502  176  283  431  652  778  646  955  132  843  238  613  243  331  16  632  585  565  627  192  999  266  352  523  583  672  404  833  44  962  76  269  719  186  556  620  546  162  588  755  805  703  359  269  4  390  401  801  569  353  268  698  739  130  231  744  138  176  572  803  925  919  228  
728  26  490  642  349  434  668  64  742  943  619  802  642  330  22  821  95  117  437  251  417  946  263  199  210  198  793  479  596  22  186  2  122  92  932  296  477  422  316  816  489  907  659  442  143  850  261  170  958  634  990  421  99  672  28  884  127  984  712  754  255  947  662  619  335  872  140  523  264  138  248  104  129  319  409  309  49  857  360  299  90  258  943  550  785  448  223  298  274  267  536  561  193  719  993  426  251  395  255  174  
707  124  274  306  656  910  595  116  67  633  162  469  919  532  701  698  681  968  618  998  703  99  501  839  429  712  605  19  394  696  376  351  921  319  815  683  716  813  277  606  114  255  97  810  585  529  314  652  623  363  338  314  474  941  707  313  824  360  462  809  8  731  739  567  567  103  171  656  263  399  993  501  698  239  775  944  740  776  932  88  854  876  779  596  831  845  223  850  605  493  506  491  513  977  21  781  489  487  66  580  
895  497  621  438  158  845  505  609  636  570  62  460  931  673  880  223  826  685  964  127  129  241  619  594  202  765  129  827  578  509  231  43  462  566  988  461  347  100  466  99  142  205  589  954  522  276  943  871  751  508  798  996  399  401  950  355  29  900  307  126  671  771  263  729  466  546  258  485  36  314  856  353  100  780  532  183  277  611  218  312  410  211  553  917  4  785  335  803  239  121  783  42  203  486  574  674  213  370  260  35  
413  10  581  23  859  668  983  830  603  320  974  462  975  168  938  685  628  374  426  725  364  736  434  506  898  370  504  91  925  737  285  834  787  815  926  570  903  576  602  956  310  632  630  150  979  902  972  225  922  401  515  341  425  806  583  763  34  147  345  582  437  667  297  487  250  847  639  548  189  853  642  685  298  151  496  2  760  162  611  620  546  305  949  727  432  550  578  800  620  685  4  353  16  557  92  550  493  972  4  579  
343  206  10  604  236  657  502  0  531  279  180  731  977  305  469  71  926  845  96  238  110  148  102  847  316  659  571  506  825  811  208  98  274  143  86  254  320  18  133  627  248  178  122  234  891  621  23  977  464  814  572  217  724  948  595  508  140  880  185  616  801  152  456  845  475  237  818  383  513  573  129  967  211  246  489  892  91  256  390  290  304  230  66  317  170  841  127  620  460  488  514  484  354  679  336  376  308  571  163  178  
739  816  69  233  9  319  286  15  589  768  920  277  235  935  142  773  650  582  781  27  375  247  835  90  72  948  676  775  178  494  268  916  91  654  214  291  948  842  899  732  118  263  439  685  302  320  53  558  787  969  282  470  787  754  223  541  846  971  784  38  866  553  297  104  693  26  817  923  889  306  742  170  386  19  688  792  723  346  66  35  527  956  114  24  67  965  130  401  912  920  823  842  134  608  535  820  932  233  208  19  
581  92  219  435  284  30  742  986  256  916  801  553  210  348  441  581  571  51  664  572  851  919  686  502  524  960  1  2  701  432  895  737  194  251  364  907  617  901  143  805  855  207  527  428  625  214  779  193  375  968  286  152  146  307  537  910  415  948  939  646  187  545  436  720  30  100  815  776  412  892  365  278  894  1  646  567  920  332  931  216  739  649  151  210  538  810  316  902  554  385  649  789  899  233  73  925  419  273  279  444  
714  951  701  898  992  613  500  559  210  259  382  854  35  441  279  533  343  950  506  826  523  642  176  203  128  980  99  978  431  73  560  187  238  498  131  652  384  824  61  736  987  775  784  207  387  100  723  934  268  188  864  614  237  739  115  180  887  238  278  493  436  621  215  811  157  488  603  584  148  533  939  533  520  3  69  368  383  751  742  537  494  712  763  279  219  921  222  619  803  746  45  392  648  75  223  718  874  103  8  282  
959  169  292  827  461  565  248  484  371  861  500  913  544  670  436  96  27  287  718  373  729  502  366  657  462  295  292  576  802  489  863  374  4  247  979  214  501  288  838  703  235  947  305  667  70  338  18  916  736  674  222  374  253  605  531  139  177  100  771  863  777  540  572  601  729  667  325  970  309  119  323  85  587  68  482  347  654  968  247  577  582  773  738  481  682  698  745  978  471  454  543  181  10  130  675  765  953  938  245  714  
848  896  187  618  848  220  674  916  881  756  784  323  16  316  566  3  228  51  116  499  483  882  940  54  441  281  456  152  544  487  399  882  163  789  746  218  36  520  133  315  854  826  145  732  508  332  783  47  16  874  375  112  232  811  582  832  387  243  534  653  930  366  935  720  729  595  195  114  564  523  552  3  542  998  590  609  573  224  72  546  938  524  359  239  76  93  474  725  12  285  282  640  219  228  146  429  495  127  643  45  
628  746  357  762  592  331  339  839  623  389  533  296  573  349  272  291  954  157  899  73  263  331  816  733  695  749  363  328  488  795  286  495  249  264  130  826  30  974  923  977  86  374  67  132  237  769  190  319  326  742  757  505  984  185  756  312  682  380  230  731  593  116  48  612  77  866  203  167  644  916  739  331  710  744  340  476  112  652  277  842  492  749  404  801  789  850  25  334  80  141  399  731  301  942  661  584  574  691  250  870  
807  39  919  425  843  541  558  249  607  218  720  157  415  837  229  877  343  604  660  778  621  740  363  244  449  20  728  463  582  663  13  595  386  844  162  135  713  348  277  578  632  591  732  845  469  491  195  600  884  50  953  511  797  790  597  873  57  764  414  910  458  59  8  842  554  175  482  785  516  582  388  801  167  879  85  687  977  962  955  839  144  983  420  971  452  351  417  879  968  33  523  807  839  34  661  302  347  796  905  988  
672  514  22  267  959  309  487  478  255  902  983  341  335  481  641  538  510  458  164  18  130  846  795  912  887  8  90  604  584  31  500  315  369  753  570  907  69  783  902  621  523  764  397  440  419  258  331  390  847  443  265  77  732  705  1  484  552  938  818  903  893  716  359  658  35  865  849  366  885  535  285  138  721  535  976  698  387  903  471  876  467  886  796  989  442  228  258  135  580  388  561  573  280  695  85  253  211  405  625  432  
745  514  169  985  253  3  573  215  697  212  945  881  822  248  473  749  279  364  674  365  969  968  68  511  74  683  763  376  123  370  461  964  576  220  998  84  284  597  783  804  841  325  661  960  861  949  589  98  56  325  437  667  282  509  374  836  449  438  669  479  480  243  449  367  828  370  552  81  664  217  298  893  672  390  478  461  498  16  859  64  744  315  70  611  866  772  707  22  481  882  759  999  614  877  266  77  193  502  954  858  
542  714  522  61  9  491  657  116  762  941  103  915  820  650  779  211  607  907  623  130  477  132  717  658  730  491  819  73  516  116  105  965  530  644  868  362  497  864  18  281  954  697  414  30  367  598  830  22  260  150  919  131  802  649  554  502  430  505  392  224  825  218  121  565  792  963  258  565  36  41  381  336  772  607  282  774  678  499  396  592  805  959  886  22  259  115  644  366  424  324  677  894  971  331  846  590  989  68  779  549  
389  673  998  510  869  491  682  342  852  253  656  229  325  653  456  743  621  911  245  670  858  119  783  678  278  459  780  828  491  115  824  84  440  766  632  678  482  554  695  611  190  199  360  58  426  521  410  770  179  313  57  59  1  159  521  573  911  277  542  100  399  811  231  159  91  178  392  827  205  303  159  201  751  551  182  633  415  505  695  218  90  117  622  119  498  839  336  103  842  87  825  424  998  248  131  17  743  650  858  147  
132  455  445  708  76  975  543  960  616  481  459  675  222  454  502  432  207  907  566  991  186  123  697  390  546  798  728  135  194  507  666  538  609  221  605  631  57  437  743  954  913  27  434  251  258  794  614  104  918  688  169  682  900  574  154  881  808  106  635  437  0  7  444  986  418  342  475  990  153  75  737  179  662  54  441  124  418  964  874  749  218  201  604  811  139  236  95  341  325  792  702  870  892  843  35  832  681  740  508  471  
704  694  475  399  187  83  835  890  915  7  510  778  774  987  644  936  868  1  717  526  475  547  600  687  195  635  892  25  268  574  899  660  699  402  503  330  348  272  780  355  81  936  637  195  256  417  939  338  2  337  384  849  824  111  290  436  120  754  347  784  206  662  868  522  934  451  210  393  397  681  281  1  991  444  389  765  586  767  455  968  634  8  156  912  663  713  498  896  8  430  403  497  418  960  644  908  276  821  688  718  
386  513  757  728  889  269  416  618  138  370  180  340  848  970  149  529  483  556  131  80  23  842  466  432  534  656  950  7  26  115  396  863  735  132  548  806  37  584  650  944  147  341  476  867  670  379  494  95  650  68  801  288  624  425  770  865  365  659  846  71  971  611  635  311  648  287  314  437  188  161  385  706  65  221  589  377  451  14  836  278  54  550  24  171  735  353  272  193  699  876  129  951  243  280  873  202  817  645  252  713  
92  780  791  204  951  245  970  73  945  57  595  530  805  933  149  334  321  572  832  458  875  72  617  636  632  653  178  276  14  114  373  368  545  365  690  610  43  289  759  208  660  94  487  799  826  830  147  573  321  895  37  938  619  402  172  114  227  255  562  322  932  955  377  796  238  543  347  48  248  630  961  897  265  19  275  178  264  452  375  835  572  255  901  476  654  807  430  348  587  707  428  670  485  435  461  457  928  808  713  243  
746  839  139  537  548  970  837  989  517  875  179  821  326  990  434  116  632  970  673  543  873  563  821  142  310  279  603  493  43  42  495  469  941  385  329  420  312  352  695  222  876  8  789  247  698  249  689  558  85  967  539  855  516  420  241  557  907  602  201  489  201  483  264  428  277  423  472  598  250  657  630  992  273  15  864  564  237  604  85  302  689  299  687  279  902  402  908  879  905  641  363  100  641  269  521  843  110  646  3  594  
453  657  589  703  112  498  385  289  490  2  556  449  368  73  306  988  531  377  186  928  802  23  419  696  253  77  670  670  36  376  262  124  477  52  546  704  437  31  795  321  566  769  568  666  598  350  47  138  504  93  510  892  836  536  343  466  601  768  250  514  35  148  821  554  360  302  839  709  892  442  594  41  988  236  318  796  143  285  442  828  928  689  477  536  25  921  211  254  130  96  547  241  663  99  277  710  407  930  929  356  
721  502  554  341  489  350  914  821  751  10  583  943  848  891  731  910  343  733  609  895  588  570  43  568  4  860  257  197  593  998  819  887  856  375  720  433  40  285  911  401  394  498  451  918  500  221  771  284  64  712  111  2  346  426  663  956  838  80  893  954  607  636  299  900  693  818  975  888  694  835  899  882  244  48  152  22  791  197  99  701  298  575  96  18  288  99  987  600  105  509  157  370  336  586  907  758  364  378  523  511  
198  877  784  781  602  985  108  43  702  245  981  405  527  182  696  356  779  115  530  496  642  534  126  641  638  314  904  9  937  52  104  385  605  335  779  191  22  512  443  433  260  546  374  417  797  847  444  580  15  229  482  304  507  96  587  682  621  25  190  346  112  699  771  460  342  653  383  899  525  425  376  27  789  305  242  563  966  792  631  374  511  524  501  117  233  70  393  826  970  67  649  987  309  507  47  657  998  739  882  437  
875  801  823  166  439  348  436  849  88  549  21  725  456  470  143  713  128  485  394  53  832  708  908  130  140  161  0  879  921  469  966  897  421  315  348  685  571  936  794  797  78  985  386  670  549  981  478  330  685  96  476  374  412  368  581  650  569  408  939  712  698  887  632  619  117  356  915  254  384  232  918  133  635  992  635  12  987  798  381  675  394  499  930  106  994  683  398  391  921  501  539  497  637  741  668  703  760  823  993  746  
959  706  237  972  573  255  819  308  893  701  487  440  780  955  409  221  93  801  643  653  166  571  780  509  479  714  78  986  51  553  681  504  679  193  858  999  335  457  326  178  64  910  361  613  80  691  91  602  913  733  834  744  357  710  907  569  516  516  137  599  216  781  744  330  306  816  531  80  389  739  361  713  271  565  614  510  784  272  262  550  116  125  933  957  42  619  474  753  535  141  866  529  765  103  464  669  764  941  218  588  
643  296  607  30  359  38  60  367  890  557  862  189  295  779  465  254  234  549  847  304  821  402  429  934  556  308  535  636  370  906  372  216  733  708  124  269  252  677  53  725  360  854  149  418  720  957  626  273  247  593  542  3  793  688  710  690  539  239  305  468  991  869  413  719  262  228  428  978  865  29  518  595  536  128  529  122  947  133  884  89  95  546  609  550  183  465  464  583  860  220  984  65  184  240  776  117  228  683  564  352  
634  260  515  717  164  454  949  160  411  416  466  2  860  764  334  884  317  946  593  674  701  232  50  527  609  992  947  454  914  566  951  99  668  228  600  79  378  69  758  138  125  778  970  328  220  612  560  691  164  271  43  128  481  702  658  617  901  985  224  902  676  104  465  921  443  227  153  157  237  664  783  490  292  815  518  967  537  941  571  20  507  315  242  804  619  403  196  571  640  679  68  722  86  982  223  908  474  379  777  251  
680  387  572  348  621  691  507  924  625  52  124  510  92  964  588  490  489  370  613  835  423  814  770  732  724  858  372  264  605  473  445  374  825  443  505  77  372  834  716  10  558  460  974  67  859  653  331  838  326  168  880  195  566  474  280  66  923  963  940  835  553  793  473  329  539  115  10  937  523  999  134  389  566  593  93  855  797  489  229  292  461  472  657  495  784  118  720  543  509  946  99  767  898  511  944  655  602  784  764  828  
369  496  558  361  436  848  438  231  749  182  68  553  332  166  836  285  98  648  879  439  263  53  542  224  795  375  912  118  201  85  234  585  184  536  198  690  715  92  924  439  96  542  68  959  750  887  302  263  599  434  153  63  205  72  400  884  617  181  43  634  254  174  913  285  548  114  474  60  953  698  83  371  666  614  163  596  895  894  274  201  556  498  586  73  3  430  93  941  127  261  694  517  116  136  595  635  98  707  520  948  
785  685  279  270  182  915  795  315  443  687  93  609  324  778  829  370  678  427  834  31  642  274  836  580  231  382  294  728  406  680  994  44  894  914  605  741  168  943  305  832  486  247  305  33  764  367  199  263  552  668  369  535  797  666  411  196  243  421  438  288  459  691  429  914  230  500  504  572  333  919  721  743  755  370  956  293  831  541  244  259  614  924  720  33  933  15  69  912  564  744  981  111  214  41  941  201  500  351  204  566  
649  31  303  724  936  683  289  707  842  232  816  898  421  199  395  385  214  407  103  332  110  788  881  112  450  14  710  253  756  800  582  208  487  962  326  372  576  294  893  53  433  116  950  744  407  986  484  538  475  100  525  900  381  772  181  976  939  877  771  874  778  890  648  614  116  878  380  858  495  583  146  15  447  437  604  122  857  201  761  33  752  515  755  652  709  204  37  946  327  924  393  677  82  521  248  611  827  742  659  409  
330  979  390  366  448  854  492  10  704  422  78  698  186  760  740  408  906  969  910  515  671  238  4  800  784  602  546  348  721  741  847  551  739  654  173  846  217  157  843  742  558  223  397  96  716  639  813  453  728  22  139  831  946  910  0  809  384  537  312  84  769  697  518  40  639  779  865  211  998  869  900  801  465  984  204  648  747  388  978  486  147  319  112  73  953  394  272  435  110  944  416  512  776  572  170  742  450  702  528  440  
546  313  933  718  179  556  950  781  787  243  863  823  215  873  170  606  203  836  42  554  182  661  645  612  729  379  624  750  368  403  733  706  929  222  104  836  338  359  455  68  39  255  415  516  17  167  211  618  90  962  984  362  284  508  196  276  105  18  812  477  709  855  581  501  312  505  850  396  224  86  492  25  748  662  80  369  43  406  169  256  498  582  495  375  252  152  88  579  692  29  922  646  518  254  674  692  659  148  303  323  
299  372  176  840  789  19  884  634  306  881  760  125  8  765  250  798  82  333  541  526  884  576  237  381  301  635  810  516  717  452  682  110  326  134  319  188  591  537  24  732  690  117  634  925  407  411  423  842  394  536  799  216  392  823  387  246  383  586  345  200  515  821  793  552  796  631  477  721  429  77  639  817  520  21  461  931  980  948  320  526  513  428  43  950  170  822  822  917  624  880  737  693  192  403  318  301  659  83  831  253  
52  803  863  727  886  93  405  196  99  788  682  80  817  230  99  980  62  921  635  30  573  312  296  559  697  641  277  689  806  663  352  890  31  88  578  361  377  362  996  476  71  254  977  876  247  369  62  805  562  91  29  678  224  350  353  921  761  453  44  944  753  798  508  405  667  134  397  739  270  487  944  230  701  160  720  852  783  601  941  935  143  834  74  360  103  639  328  337  797  242  462  678  320  797  736  793  283  498  180  201  
527  649  572  295  624  261  909  829  78  235  174  707  907  184  148  823  228  830  410  64  73  427  118  896  374  431  23  403  836  567  402  392  506  435  532  627  484  360  290  124  766  354  276  656  850  762  632  249  885  104  530  269  343  350  833  680  817  304  797  511  489  347  845  218  817  89  517  885  886  646  524  884  876  91  179  392  439  868  49  546  460  960  140  802  638  965  243  332  220  605  630  40  519  369  887  5  362  536  241  922  
2  564  942  25  269  473  0  31  63  27  269  60  535  923  749  380  736  749  543  143  171  865  303  379  594  572  717  324  591  579  7  462  787  84  846  167  875  744  261  683  653  761  694  332  592  52  664  454  41  690  851  85  218  401  811  284  901  482  906  555  814  415  248  684  614  107  510  242  564  725  145  46  366  282  457  95  853  959  217  845  318  488  553  603  109  592  958  583  836  517  548  350  378  79  890  761  862  797  859  342  
506  643  877  261  677  356  714  960  433  449  532  941  3  715  222  851  96  714  189  559  780  322  645  546  838  319  224  240  224  974  665  40  227  191  759  403  111  426  645  171  103  253  494  65  491  311  741  43  479  204  539  952  953  286  234  905  360  364  886  270  968  569  467  794  97  924  202  213  271  328  445  228  957  983  722  486  3  688  180  293  214  473  588  120  6  243  351  497  43  505  233  839  505  844  743  2  458  183  106  543  
338  337  319  687  206  404  860  168  254  633  229  871  649  694  940  680  824  614  319  845  299  467  235  151  735  426  775  595  945  130  731  388  908  139  983  425  478  344  240  698  928  768  389  597  253  414  536  455  634  963  352  289  339  421  243  609  343  350  16  113  89  948  130  569  608  608  353  76  8  981  787  313  199  503  16  49  244  918  955  647  625  749  4  545  769  307  314  994  52  926  278  385  480  678  202  657  818  517  97  998  
90  353  944  505  580  148  578  224  923  473  497  485  352  506  408  233  992  450  254  189  947  652  340  325  81  823  832  666  743  758  426  994  895  784  971  557  470  809  14  591  958  27  199  13  468  205  359  902  964  717  626  567  752  261  743  755  520  752  126  150  843  488  49  28  315  277  433  946  735  611  601  352  74  89  143  138  296  697  607  482  873  681  226  164  174  165  715  870  0  703  554  793  249  845  362  240  530  668  757  684  
43  654  975  169  937  406  191  257  321  348  978  779  403  81  130  104  858  672  100  898  959  703  832  984  837  425  97  538  184  274  931  398  119  470  956  861  336  126  411  782  410  384  541  332  982  826  87  926  695  314  942  891  48  725  538  111  173  146  969  831  49  634  455  653  102  743  995  144  948  814  925  356  120  498  660  185  910  999  708  219  801  183  788  869  735  364  118  90  514  859  727  794  241  417  654  541  709  709  906  239  
703  945  59  216  87  758  323  806  823  108  190  634  206  491  764  988  712  209  679  724  346  952  199  446  572  586  595  145  792  636  915  748  398  500  417  997  626  881  477  488  445  694  479  968  495  82  63  117  863  623  233  354  321  700  37  321  510  729  34  294  586  631  819  989  238  794  737  281  645  997  343  25  804  64  733  89  123  519  108  83  912  866  553  520  722  364  869  975  923  243  8  943  175  604  997  421  281  168  745  229  
949  894  101  527  312  502  571  0  779  128  286  922  815  855  298  617  346  629  146  498  727  731  40  18  940  589  527  824  293  873  828  376  558  458  355  77  141  901  454  978  318  199  888  670  888  273  112  330  493  377  289  375  319  262  718  657  813  416  155  634  253  617  894  500  531  356  932  951  520  512  25  379  558  969  287  283  327  140  751  350  837  37  342  691  373  191  982  328  517  215  486  487  692  85  284  246  993  855  518  153  
27  476  224  278  527  298  471  861  112  845  124  762  657  389  165  217  558  434  741  460  137  903  212  404  920  296  745  833  307  129  547  96  403  468  495  320  478  471  948  649  359  760  10  474  579  997  433  21  78  308  70  417  444  100  256  179  363  927  649  971  269  276  248  302  60  125  155  565  966  458  417  281  57  487  693  73  799  809  343  899  538  633  445  459  259  794  783  882  691  597  552  45  453  894  816  257  811  586  167  784  
540  247  923  979  432  881  682  213  770  677  955  327  300  235  983  341  737  669  541  148  107  822  123  926  932  121  385  332  242  167  487  350  676  524  662  466  577  447  932  527  944  100  945  773  969  776  639  548  523  585  886  693  831  639  821  336  617  714  421  43  958  393  335  387  601  228  862  890  0  287  807  382  396  780  757  106  734  380  601  219  828  89  494  641  698  835  650  248  974  709  273  794  932  619  460  458  552  523  135  584  
562  141  952  500  210  207  994  545  773  66  697  951  137  955  288  756  538  855  847  793  359  166  793  765  494  962  497  520  564  364  196  302  617  539  545  774  280  899  29  653  164  214  700  700  781  801  874  379  130  422  511  376  377  689  104  360  666  113  970  945  809  109  410  770  730  424  360  903  679  778  202  748  213  661  477  557  845  873  126  801  534  428  62  697  95  490  156  616  362  516  516  736  949  608  885  998  242  933  129  916  
109  609  365  122  462  290  912  928  588  365  233  217  946  78  640  935  278  116  767  576  588  784  730  298  601  530  209  968  163  944  78  521  38  708  889  497  761  441  618  278  791  314  950  601  498  815  218  311  10  189  998  52  506  656  424  395  963  151  89  563  171  21  541  337  837  815  316  894  908  927  949  238  378  516  954  261  602  860  991  453  630  391  420  224  146  721  42  774  599  443  522  740  980  999  657  257  863  950  352  78  
