

Matriz b(Execução Paralela)

139  270  727  197  590  171  873  693  253  269  680  874  639  340  345  440  939  833  697  637  618  155  585  84  474  764  464  15  292  71  802  88  503  464  686  588  422  263  550  812  724  811  319  186  552  640  841  492  427  940  104  688  830  283  112  61  33  541  247  481  438  361  813  140  60  657  191  320  400  441  824  52  501  197  856  468  492  382  295  646  911  8  954  83  511  83  46  367  445  348  219  135  853  648  23  239  71  908  140  374  
632  44  995  646  997  470  743  531  71  274  295  728  634  417  915  920  191  846  584  712  650  365  430  534  718  623  478  909  843  751  65  529  962  828  60  225  71  635  304  910  301  121  69  974  544  786  735  517  532  521  801  217  435  52  805  881  27  466  597  81  509  84  812  484  762  190  350  279  72  321  742  462  458  670  558  501  254  416  161  917  568  935  29  433  508  445  836  788  777  462  881  161  457  201  391  285  220  781  789  101  
636  2  742  400  619  38  853  889  344  456  838  508  793  156  40  842  74  715  358  955  420  679  133  518  537  448  911  520  668  542  774  503  605  755  524  777  266  572  775  870  817  172  370  438  833  405  894  465  17  268  641  154  264  479  253  359  60  134  864  527  238  716  315  168  474  864  956  724  404  996  815  887  14  233  585  136  598  693  132  497  236  322  271  781  34  44  141  662  780  423  894  384  726  211  626  733  885  421  249  117  
613  995  680  113  858  739  727  92  259  73  94  208  888  627  116  193  948  594  466  383  565  63  276  373  320  256  447  497  306  374  121  456  666  484  929  983  914  686  455  528  939  555  230  111  888  953  606  240  443  44  710  720  652  106  63  164  1  622  628  273  822  807  942  633  805  860  475  783  833  814  870  727  116  754  306  293  801  369  744  368  116  366  160  995  685  516  459  416  691  794  463  345  389  131  4  748  403  990  140  450  
260  367  472  661  201  672  661  228  566  56  725  964  9  957  737  316  995  361  156  573  787  943  451  492  210  864  665  574  449  590  255  847  478  645  441  934  950  329  883  289  740  840  882  624  775  188  671  377  314  356  438  255  493  257  221  255  577  849  359  306  777  825  769  184  108  115  372  311  647  297  305  455  574  277  467  729  179  616  13  500  375  531  412  187  366  429  351  670  832  121  260  779  305  867  708  858  249  615  54  858  
407  845  681  595  481  101  523  521  471  428  687  241  294  592  899  667  592  142  535  541  488  277  522  160  59  862  550  504  82  867  923  437  188  217  458  825  465  267  599  390  817  900  986  533  546  177  447  821  608  553  937  295  135  129  749  442  637  456  74  863  451  684  263  395  225  704  325  676  401  611  844  930  123  797  57  140  24  984  820  908  803  457  55  264  441  754  403  950  793  589  405  755  719  838  510  960  50  558  848  529  
469  920  883  43  443  610  24  842  979  258  93  596  315  466  327  142  985  346  550  368  829  384  314  511  146  206  115  896  939  752  438  428  546  800  963  52  964  560  211  746  456  507  519  761  518  281  636  435  204  301  27  637  219  21  117  280  185  102  923  855  472  113  507  48  156  709  639  434  329  842  295  921  202  695  38  432  646  489  99  283  805  513  998  624  505  289  890  786  872  427  642  418  397  477  212  642  862  388  786  639  
200  300  207  747  478  546  406  667  353  183  926  572  297  297  107  13  554  583  518  849  802  592  532  219  734  513  667  654  980  162  281  48  972  35  263  403  639  672  251  640  521  918  211  104  692  665  437  320  786  827  820  824  723  131  836  544  943  688  166  791  83  89  880  722  72  730  212  430  674  941  800  242  4  898  918  427  616  452  529  773  588  546  696  747  769  271  191  244  740  191  513  826  471  310  474  296  546  582  689  199  
643  428  850  597  397  336  425  483  900  680  923  673  526  800  222  640  485  487  18  699  458  881  7  667  491  685  845  718  453  690  186  923  997  483  909  637  71  35  410  322  970  359  631  262  147  679  651  89  621  545  886  641  571  434  196  581  308  641  843  368  669  531  651  38  100  740  189  158  376  80  924  524  78  406  784  730  639  374  602  362  245  343  282  611  364  687  740  101  37  24  369  794  670  891  785  252  349  308  534  829  
739  818  683  687  173  833  804  424  566  566  31  729  137  606  224  795  945  356  467  599  979  373  482  57  379  833  23  80  884  776  307  508  460  246  684  732  819  101  149  548  972  37  575  136  403  547  101  39  439  771  766  670  161  219  308  983  226  278  513  639  324  162  457  449  774  263  490  930  651  395  184  962  564  727  21  99  962  88  845  178  136  530  816  839  980  336  609  34  262  224  724  36  449  511  244  399  591  569  33  803  
178  74  32  686  748  406  213  824  408  586  836  416  49  157  877  590  800  54  734  21  619  59  210  204  17  259  679  66  978  913  902  212  819  789  195  525  255  169  84  248  641  813  742  509  367  495  218  494  408  18  655  788  365  186  257  499  701  410  560  119  675  554  843  977  346  256  43  322  569  1  356  146  938  972  270  749  548  596  58  596  376  120  488  100  712  481  269  628  291  783  337  320  414  24  126  373  509  878  653  984  
247  572  787  496  718  685  841  53  549  153  561  667  925  572  868  543  144  109  496  996  359  960  231  315  503  640  859  709  349  309  941  565  731  414  429  207  114  355  243  496  167  665  364  368  283  698  640  179  490  985  760  487  716  816  350  490  34  182  180  884  121  103  542  445  714  73  76  707  994  913  560  657  156  505  222  911  477  382  752  906  560  729  857  497  111  882  937  139  539  100  175  792  187  426  166  346  400  724  982  47  
617  781  955  470  290  67  11  292  399  716  576  450  551  970  365  981  356  115  629  457  678  712  824  66  575  144  647  457  441  328  862  64  156  17  505  114  132  174  847  786  542  656  435  22  787  712  34  527  749  488  487  784  375  974  337  257  58  270  574  903  705  787  577  105  958  634  590  362  637  500  558  182  342  101  39  586  392  365  971  149  825  523  144  333  930  721  168  343  343  848  686  743  957  361  177  168  155  692  150  488  
291  961  869  107  618  409  934  987  547  368  116  561  794  65  631  858  43  901  288  617  35  538  845  197  847  828  852  542  777  75  980  818  952  481  288  94  623  326  925  379  78  514  298  71  316  454  303  765  943  31  733  450  170  832  237  285  452  803  181  338  257  179  62  890  354  601  817  91  592  882  399  232  934  713  848  661  916  62  555  857  944  530  292  943  703  486  691  987  600  903  289  934  642  744  758  614  604  693  910  470  
258  527  914  813  640  624  802  261  126  941  544  930  411  691  528  164  278  823  691  579  800  678  251  535  701  950  809  337  874  439  594  426  808  698  504  766  982  900  916  43  573  294  330  548  684  117  117  341  60  609  33  546  606  260  103  656  873  841  250  144  263  686  953  763  455  519  438  119  333  480  475  93  149  951  196  11  576  500  279  573  325  438  944  851  240  60  809  839  927  68  311  349  793  659  320  535  210  514  512  324  
258  969  634  845  715  11  523  972  777  573  483  384  988  348  789  377  400  738  126  813  462  189  50  293  571  692  169  416  806  151  25  81  399  122  93  911  291  493  596  777  780  987  692  796  21  405  940  122  572  323  129  841  656  590  864  333  89  485  787  883  286  649  895  547  602  935  49  208  840  866  720  760  710  427  310  235  974  294  529  458  526  546  878  853  369  492  141  704  343  809  631  11  39  790  908  677  957  269  25  692  
79  223  414  124  185  296  262  970  968  755  775  667  372  91  154  6  638  340  724  306  25  644  419  653  389  801  173  251  606  127  265  527  579  222  65  905  171  46  343  492  754  312  436  962  448  243  31  503  27  40  235  935  411  330  610  773  91  909  837  385  239  234  949  324  953  260  956  939  262  210  541  846  397  337  826  900  360  854  420  829  267  61  252  155  153  632  960  694  93  608  58  371  470  857  266  56  628  237  12  551  
480  887  628  484  512  682  430  852  23  878  842  380  754  671  484  547  655  466  18  437  385  228  758  61  550  224  955  447  705  437  13  359  275  754  833  601  237  423  971  950  32  841  591  79  445  146  375  186  689  707  554  854  104  246  470  820  307  708  764  332  403  640  530  289  101  486  319  354  400  988  663  310  49  259  253  987  440  953  936  35  667  143  886  92  320  290  262  779  784  320  82  852  239  825  929  160  600  688  746  259  
382  988  492  672  613  767  723  484  78  962  908  796  505  675  962  564  789  60  153  605  579  201  256  258  497  758  436  128  602  122  215  767  210  85  463  209  216  617  42  501  76  383  367  440  607  194  801  762  786  784  381  224  159  362  778  203  484  513  336  597  790  747  952  379  769  313  580  859  861  878  216  35  765  278  437  20  625  64  111  649  444  626  924  808  472  960  228  699  564  352  528  259  527  100  499  227  719  629  302  428  
770  241  504  2  374  793  970  458  100  42  848  718  526  886  755  607  961  693  83  558  86  69  450  567  307  796  508  602  287  29  410  671  442  815  198  613  114  486  513  912  930  387  840  973  877  375  293  170  504  680  802  743  550  229  584  907  997  476  758  901  533  293  324  384  345  779  775  673  14  207  7  520  504  712  172  705  364  347  120  934  696  282  909  259  447  620  815  565  473  354  900  807  670  489  16  19  315  601  766  114  
557  369  768  616  587  428  631  535  680  20  414  310  541  937  169  765  749  846  723  568  346  625  829  62  262  341  378  228  396  582  879  267  196  888  32  787  45  636  806  962  100  127  892  446  11  937  993  42  182  311  184  432  22  222  898  596  480  693  237  824  224  973  726  137  247  504  475  285  635  443  411  592  341  57  470  482  358  37  297  870  267  747  689  681  200  740  705  253  241  965  423  906  611  595  744  480  8  373  956  347  
850  893  692  627  23  12  424  70  778  545  349  644  387  910  843  432  468  184  253  158  340  888  882  869  265  83  776  403  342  738  296  559  836  567  924  575  397  717  685  206  291  826  898  890  439  748  522  695  638  813  562  739  174  220  794  175  470  521  962  479  747  229  147  735  959  196  696  985  163  544  522  271  381  227  107  433  926  920  506  524  650  399  189  696  570  915  741  348  550  466  771  911  379  176  968  478  725  840  11  685  
662  537  355  268  333  184  660  128  929  792  775  914  148  123  129  496  333  115  269  790  181  185  334  217  980  321  325  664  892  840  449  351  42  692  124  737  733  342  433  953  223  126  924  621  216  340  930  408  306  278  520  426  600  867  559  126  87  130  820  673  398  384  390  986  266  948  273  514  138  905  983  296  274  663  710  793  618  286  189  299  670  497  671  749  361  227  802  133  818  152  890  309  777  330  591  435  747  495  693  107  
32  59  193  267  318  288  897  626  182  358  308  382  420  424  137  970  181  381  244  720  225  336  331  48  687  765  174  229  0  615  933  624  707  763  795  196  96  723  936  557  353  272  237  77  953  375  409  949  792  230  120  180  215  492  586  863  686  450  330  453  798  906  421  22  552  58  754  327  539  693  361  221  757  742  172  820  945  290  538  338  527  753  194  173  577  617  533  669  65  183  124  71  880  146  544  495  977  870  761  658  
884  386  542  965  647  271  643  230  703  685  793  557  748  707  15  462  522  298  246  758  756  359  266  974  515  20  748  841  683  810  708  311  31  437  276  131  75  516  112  336  335  995  594  226  996  695  722  748  319  37  690  150  698  663  39  960  970  660  595  423  507  515  864  402  327  684  87  107  981  891  942  805  390  26  864  894  404  289  327  434  443  821  148  633  937  138  479  494  890  630  386  405  139  52  967  345  952  858  538  687  
738  856  698  122  960  324  961  644  470  414  970  973  539  389  522  19  236  285  135  695  470  326  797  719  601  802  551  566  320  978  731  452  68  205  766  643  904  719  535  279  688  890  352  665  826  699  830  737  887  171  418  869  243  40  367  930  823  408  956  317  184  874  396  911  72  881  136  371  835  893  455  925  244  295  12  625  965  57  765  341  278  272  964  85  716  104  774  721  283  906  88  732  718  988  290  659  571  765  668  79  
332  603  829  442  688  123  450  858  200  237  211  421  5  105  217  954  566  738  892  759  911  573  121  541  294  597  424  956  607  895  572  203  104  45  268  832  782  362  22  496  126  201  459  900  336  810  262  977  389  49  534  818  185  244  874  876  875  330  540  854  274  123  574  562  194  215  609  188  508  535  917  495  627  626  339  662  386  357  766  918  948  91  199  509  251  764  8  382  474  261  880  965  694  835  925  673  431  661  336  499  
548  838  554  202  196  332  797  0  537  768  693  388  391  586  333  108  291  496  325  927  270  19  153  317  977  374  974  532  754  579  997  936  148  308  770  973  421  803  638  788  801  359  200  56  203  843  298  164  508  428  999  51  332  647  795  795  269  205  67  878  64  117  324  599  583  676  71  70  337  971  529  712  4  884  929  766  532  394  563  191  705  413  962  885  816  239  418  833  544  558  714  156  724  150  456  204  352  259  31  487  
525  735  884  471  55  126  735  281  309  580  604  395  440  574  160  50  300  734  857  237  893  997  135  730  51  324  814  467  805  587  101  181  12  805  289  316  782  310  867  646  579  99  256  235  572  204  223  261  367  672  461  954  623  917  308  147  49  25  258  785  257  315  806  227  106  216  813  926  149  34  987  761  25  803  549  667  281  954  802  492  603  760  330  621  388  986  879  236  481  811  824  200  768  861  413  670  149  819  228  374  
48  22  826  629  468  626  685  415  723  573  974  968  500  675  388  472  463  929  443  617  543  468  580  246  302  149  38  194  654  563  34  377  875  269  796  175  447  875  693  195  77  159  205  80  839  990  758  264  355  293  100  509  520  881  113  846  134  215  525  2  396  277  754  172  515  195  589  971  479  482  393  100  13  335  141  230  552  851  326  562  806  986  279  309  744  942  140  684  814  72  647  875  800  947  865  897  682  717  554  292  
695  562  860  228  302  38  954  191  482  199  358  497  283  797  935  813  130  39  281  620  609  332  654  448  289  970  699  142  453  86  598  31  916  225  675  57  148  762  158  54  218  454  90  81  350  554  376  744  426  464  884  50  803  493  577  119  353  318  204  582  913  242  854  991  401  153  370  774  371  671  239  384  227  724  248  342  699  579  351  747  981  453  848  795  536  642  273  482  148  491  639  78  984  582  292  985  219  271  85  519  
599  544  960  969  361  669  763  124  645  126  166  921  279  162  738  322  900  692  700  509  423  797  410  216  87  758  454  369  222  239  352  649  20  793  317  69  666  125  78  951  586  47  668  176  643  610  118  570  59  625  413  726  662  895  775  665  923  612  887  563  117  141  382  622  142  599  67  615  551  551  118  556  733  865  410  882  302  747  768  465  737  397  392  246  748  783  939  678  670  375  996  586  852  893  260  195  353  117  581  667  
223  241  318  174  530  312  525  179  27  719  956  491  139  186  698  932  309  744  129  642  190  168  248  467  800  139  566  533  10  511  999  655  987  533  788  153  981  969  786  696  543  196  461  730  419  87  262  402  990  925  647  433  821  597  439  145  605  331  848  103  451  170  6  277  594  849  770  273  194  847  525  213  694  20  656  899  294  421  936  109  827  403  959  391  185  537  77  938  366  185  358  69  305  818  476  898  214  487  757  490  
485  191  584  798  730  564  113  675  312  746  548  977  127  703  358  760  989  945  359  567  304  320  563  595  480  385  935  601  155  188  681  392  347  220  481  478  826  824  196  421  797  706  863  857  342  211  424  625  428  800  727  815  758  798  348  758  924  966  475  327  518  52  106  968  734  90  707  90  888  324  772  749  106  640  732  330  390  812  640  12  948  83  212  140  796  557  101  720  186  930  2  728  930  979  723  676  515  742  130  309  
712  596  94  999  777  512  615  487  776  894  172  919  648  701  159  811  88  570  306  815  796  779  490  103  820  525  977  874  182  315  595  564  679  412  967  143  719  590  997  61  67  685  494  781  51  506  398  471  211  306  278  830  231  156  550  353  880  350  344  853  779  917  913  75  193  815  728  849  401  152  704  128  800  260  835  402  3  503  628  749  996  31  854  849  976  594  123  418  305  66  444  937  447  737  56  477  961  443  768  786  
185  879  126  212  566  993  710  626  499  847  405  361  292  950  350  580  697  16  620  325  987  212  569  715  68  675  852  631  19  642  313  621  101  825  203  260  711  799  437  521  295  335  710  367  906  123  10  547  768  843  813  23  20  114  466  861  999  206  10  845  596  826  640  77  383  401  738  77  503  641  330  12  874  442  698  642  296  458  709  586  63  630  194  635  669  606  764  749  605  934  813  803  72  493  857  224  525  596  598  514  
859  188  770  614  66  388  925  78  210  302  221  910  996  421  952  799  444  310  3  997  944  503  793  444  482  264  680  114  505  389  294  232  886  557  825  266  74  514  331  353  741  405  492  66  529  229  65  901  797  124  731  275  493  311  963  660  303  287  209  173  993  96  915  219  461  726  922  438  638  623  937  901  885  306  135  522  484  689  204  569  563  141  23  170  425  631  782  129  242  878  343  838  559  746  979  766  972  340  139  46  
74  752  130  223  485  968  337  794  711  494  258  824  579  613  181  15  990  325  390  773  16  849  127  882  273  199  577  22  742  363  830  276  330  792  242  746  17  548  872  198  320  775  921  198  552  744  383  356  282  236  519  12  372  700  157  740  953  241  425  887  327  991  584  709  738  131  310  19  590  475  878  386  306  784  308  447  999  426  409  47  151  409  206  772  691  979  620  184  213  135  112  780  324  308  628  990  374  374  656  110  
488  831  856  83  456  990  103  766  436  319  249  794  395  127  462  607  761  265  570  290  640  18  761  922  569  790  520  314  706  965  183  38  282  461  970  28  144  892  623  896  634  707  601  795  97  50  931  665  200  324  193  454  990  936  840  781  497  480  734  893  611  778  716  952  377  617  968  528  741  959  990  896  541  457  975  845  348  767  42  176  119  174  950  57  410  612  570  808  193  384  315  163  27  787  717  504  696  511  357  925  
35  746  234  996  210  55  620  572  370  681  365  878  936  629  541  357  914  491  49  920  132  344  371  688  279  692  101  913  820  99  902  663  806  674  439  165  684  383  879  165  358  373  418  407  511  563  793  968  161  640  411  913  487  198  498  328  923  104  360  120  544  784  727  216  105  97  576  658  248  694  547  386  731  590  613  201  961  189  384  685  859  808  916  510  125  892  123  808  483  867  154  496  129  116  92  37  458  278  745  197  
746  457  707  441  111  881  537  886  370  599  660  952  884  46  902  348  595  103  3  27  548  282  664  887  506  569  256  947  356  290  222  907  149  962  588  308  397  633  17  546  725  109  338  685  184  838  95  759  732  947  934  237  512  296  485  39  992  989  944  189  859  356  491  895  438  942  530  97  169  162  644  234  143  19  853  728  291  149  466  322  493  652  96  610  924  121  750  644  958  802  433  103  827  181  677  742  304  1  88  755  
599  969  67  130  571  397  219  726  449  918  580  218  650  622  188  318  533  58  957  603  657  614  588  941  680  243  551  420  351  575  380  855  627  929  468  878  893  391  126  218  278  830  184  515  582  461  440  61  581  390  400  952  540  739  128  59  438  25  350  397  417  371  24  735  705  710  802  697  979  692  147  447  702  528  2  736  413  93  294  348  274  490  818  367  604  766  583  549  105  844  108  188  143  915  681  609  397  717  321  544  
718  642  294  211  189  456  126  422  244  729  491  925  910  105  944  163  117  947  599  896  573  631  215  669  328  570  483  247  603  369  598  174  309  779  914  954  423  795  720  377  303  343  418  22  655  744  925  505  370  430  602  535  223  7  778  430  869  795  353  111  639  911  44  609  817  444  709  254  288  372  325  500  209  745  153  626  383  594  285  180  464  154  380  270  41  14  210  417  621  163  929  60  941  738  991  426  809  954  969  380  
988  376  656  252  326  356  418  741  996  187  524  345  226  165  147  945  792  275  218  611  234  735  421  675  921  663  692  776  495  807  699  545  312  874  878  572  579  229  290  163  328  304  847  244  52  714  169  492  944  728  126  951  920  545  618  638  95  161  693  437  239  544  310  672  86  950  498  561  244  982  285  289  9  84  824  81  884  76  467  11  165  681  658  866  860  918  587  786  475  388  192  190  998  393  328  237  3  409  200  615  
372  420  206  257  730  692  894  627  211  681  77  339  60  394  827  704  209  778  926  332  529  533  593  238  703  214  947  620  59  518  708  898  672  763  250  609  350  523  194  39  407  243  211  294  879  24  44  948  308  137  429  583  885  399  914  994  47  290  492  809  603  434  602  637  131  431  630  628  827  853  890  240  196  751  504  362  179  807  561  507  473  583  645  543  884  159  889  158  746  11  967  520  37  16  559  221  42  515  523  310  
972  623  257  979  37  161  49  162  749  897  798  81  819  591  34  880  760  448  257  918  499  748  264  358  855  85  318  877  880  269  776  611  332  180  291  804  415  461  514  650  775  44  464  137  431  655  543  438  918  222  623  685  655  384  466  278  971  843  20  282  122  336  752  968  553  233  565  894  926  167  159  702  991  380  322  488  912  10  370  990  298  718  933  712  49  525  866  331  558  857  547  272  564  775  454  855  910  281  194  983  
677  707  828  779  759  988  992  10  706  531  725  882  425  411  633  186  845  165  500  587  421  952  257  723  800  760  991  158  31  664  518  16  784  181  428  435  733  592  399  370  546  215  917  816  901  490  383  856  369  397  732  50  571  863  473  182  581  949  951  928  976  459  837  320  236  712  20  452  915  965  546  197  332  83  365  627  940  270  265  894  230  761  485  330  179  551  296  725  189  835  289  825  557  917  620  145  148  770  760  753  
367  862  109  254  251  833  635  439  40  771  341  527  691  37  821  912  67  222  729  918  644  822  315  21  538  347  838  959  277  77  804  814  299  440  484  59  92  390  9  176  535  702  798  560  425  853  974  761  581  719  456  883  527  218  887  192  147  888  759  592  851  663  995  399  589  214  764  853  218  678  532  851  155  82  265  125  415  45  332  688  775  607  825  649  490  19  714  791  228  968  460  54  433  274  938  377  440  484  168  379  
314  637  368  450  706  740  736  505  702  521  229  489  492  585  833  83  464  661  271  772  465  64  159  573  812  987  205  382  815  895  348  887  88  583  568  307  54  151  537  361  869  300  612  64  415  994  907  214  318  340  652  589  374  547  671  251  679  54  688  452  912  347  853  118  927  695  90  65  285  631  952  801  966  468  884  841  606  357  803  846  727  931  203  525  647  670  613  682  278  663  383  742  510  450  870  412  979  611  232  184  
522  337  367  372  685  115  34  945  996  494  301  94  568  904  689  128  40  396  55  742  143  994  317  848  661  338  259  132  777  789  847  932  208  673  852  199  879  567  929  258  909  490  790  683  636  237  242  210  966  722  16  805  499  707  207  526  312  423  736  875  100  467  323  265  5  97  354  278  200  170  31  882  893  932  393  49  888  152  889  184  91  194  876  113  121  262  961  236  453  988  586  396  513  719  575  660  252  231  109  84  
315  609  550  596  39  840  891  315  7  563  356  668  828  107  239  70  490  910  263  87  303  197  524  916  900  830  112  15  344  231  434  118  188  488  563  252  561  739  110  318  494  923  421  380  645  54  870  265  709  985  652  377  730  342  202  847  432  588  274  272  975  52  188  279  768  27  754  286  686  897  760  206  24  620  569  643  155  114  268  590  124  561  630  880  602  285  585  544  314  181  489  690  932  226  159  533  203  790  503  750  
738  468  916  734  794  578  68  533  320  680  134  801  643  956  15  495  123  3  595  485  181  261  889  897  227  694  360  178  168  469  861  817  425  515  119  195  671  657  985  646  961  630  6  229  775  652  628  642  753  582  934  815  222  128  53  249  968  275  113  930  76  700  394  154  495  159  67  40  740  197  118  498  563  847  498  471  755  62  168  437  296  953  238  685  136  562  874  903  319  773  649  314  170  694  664  772  232  678  518  619  
245  586  429  494  968  960  997  283  940  126  881  309  852  185  685  185  983  943  436  421  796  849  425  342  727  977  11  341  96  676  188  886  629  987  938  988  958  500  836  268  398  224  897  284  473  361  897  832  521  202  255  409  707  579  22  674  494  975  849  433  259  3  911  765  440  670  531  754  543  384  298  607  356  152  885  368  811  174  166  661  720  473  111  606  984  837  357  9  660  141  188  474  934  250  997  373  811  493  394  3  
497  647  907  815  962  946  320  812  807  994  438  453  16  214  719  304  639  374  922  904  340  872  281  637  59  378  945  762  98  774  549  459  894  205  315  177  438  361  600  956  255  308  823  332  614  94  700  763  132  295  943  522  427  178  252  487  615  289  712  416  728  587  302  823  356  279  599  985  185  427  647  148  896  86  660  381  405  294  90  172  307  894  514  276  956  696  193  563  942  939  172  618  226  577  329  969  894  488  321  451  
225  483  194  329  958  820  465  397  482  152  501  381  184  758  398  474  4  446  83  261  965  155  651  869  851  260  908  855  991  852  544  946  546  644  669  653  462  978  867  304  248  465  64  596  375  588  455  432  175  872  696  465  734  181  297  876  344  592  249  915  925  224  413  339  351  811  404  894  626  45  341  409  140  845  24  948  5  171  338  777  488  801  618  475  46  678  56  357  836  273  989  99  739  328  534  825  933  988  986  639  
391  169  883  157  114  599  689  561  604  416  562  274  451  927  150  575  138  873  614  537  556  611  4  298  108  359  86  801  511  668  156  100  746  96  313  240  445  973  343  447  865  22  555  190  237  389  783  306  932  930  574  935  587  233  746  989  382  121  609  527  330  413  30  889  405  424  444  853  778  498  38  466  904  729  209  482  634  862  795  671  481  230  252  185  366  601  74  86  804  962  836  590  553  396  812  642  6  261  655  849  
300  465  401  246  902  94  225  818  101  879  532  809  254  808  309  444  640  69  18  618  690  375  354  755  361  652  58  203  759  298  446  792  519  696  861  816  141  248  718  529  475  189  647  846  909  5  212  435  462  163  748  246  364  788  503  18  70  587  203  529  806  851  750  965  409  649  646  419  74  132  100  404  87  386  543  794  92  272  669  883  347  877  764  597  46  36  807  526  283  492  756  335  789  125  106  469  851  961  384  411  
250  357  280  479  518  307  306  207  190  246  893  184  764  712  592  931  276  83  343  285  716  610  401  465  314  19  414  83  812  789  54  564  95  360  837  357  299  692  490  674  758  921  999  53  141  328  458  28  514  238  938  960  518  867  62  411  199  418  87  461  101  223  429  450  327  959  223  715  547  425  620  816  786  800  367  584  793  169  416  868  868  504  956  14  389  361  286  441  98  301  127  29  869  700  697  953  916  377  474  925  
601  582  564  820  508  188  953  754  189  231  683  720  998  21  674  857  476  953  182  47  318  576  428  855  445  703  446  902  924  247  707  622  242  815  430  618  250  604  562  818  76  94  970  74  444  106  774  53  551  264  82  890  302  792  121  424  508  350  536  716  537  503  477  339  969  487  157  286  391  201  900  138  834  874  648  640  482  82  551  128  204  40  350  948  320  513  555  412  132  916  810  895  145  789  868  840  99  796  702  452  
7  657  822  846  748  15  920  477  108  842  518  892  940  254  214  99  863  869  437  319  793  949  457  915  855  148  797  112  980  400  677  985  5  855  881  900  726  704  367  61  606  717  977  141  381  846  261  138  903  538  731  228  336  972  913  796  934  712  690  712  318  929  342  151  271  544  323  414  195  147  481  100  372  319  859  577  475  435  848  653  451  892  889  296  997  830  6  966  460  30  738  468  40  401  645  948  600  95  15  48  
432  146  705  727  786  101  352  329  449  571  59  385  385  814  484  958  451  160  403  725  644  673  918  831  844  469  613  195  420  881  585  912  656  26  509  808  157  475  756  68  84  761  42  912  572  748  7  219  694  612  190  78  610  669  788  54  647  337  35  912  823  457  102  568  152  215  623  989  727  651  396  708  832  688  600  72  560  411  646  659  579  615  449  628  89  567  454  493  428  33  67  815  325  603  881  916  860  518  372  17  
629  803  187  870  791  806  107  572  625  734  414  818  606  309  33  251  735  434  363  847  551  473  257  516  994  932  262  826  694  48  392  336  196  535  910  310  888  813  557  928  267  881  898  947  538  834  689  903  647  267  508  177  549  877  144  180  546  351  625  227  45  916  510  966  270  618  7  615  13  866  467  136  882  921  886  306  516  906  559  188  109  557  519  799  82  456  853  306  217  337  783  838  123  749  779  704  120  856  924  526  
906  321  208  832  418  849  334  253  287  169  437  543  189  509  111  124  249  88  628  81  547  525  795  173  420  135  723  256  295  398  616  870  468  615  370  188  671  862  727  390  48  354  872  826  715  710  464  157  839  32  473  807  644  647  161  77  853  94  330  292  245  287  472  365  287  454  371  425  397  811  484  106  346  107  156  995  651  860  679  45  575  43  960  535  64  844  902  882  770  277  20  590  192  815  535  141  62  722  456  690  
880  781  241  820  298  22  612  717  145  196  95  641  894  886  44  654  707  135  13  799  830  145  132  588  994  187  785  26  653  697  773  979  613  143  346  25  755  705  373  180  89  729  172  469  535  126  330  350  441  285  938  409  621  55  672  490  913  23  242  961  209  46  997  184  22  213  172  221  546  166  859  732  943  887  35  941  903  541  102  245  447  345  289  619  93  193  514  714  600  302  71  574  918  68  341  885  720  372  994  867  
370  578  98  473  479  803  126  980  834  600  468  198  175  55  823  483  143  780  942  561  402  796  690  316  599  313  993  510  447  207  225  712  8  145  822  272  973  57  347  359  243  315  607  637  382  348  719  482  425  892  986  972  253  701  298  41  569  375  813  352  296  474  83  192  888  975  498  196  542  940  822  33  238  506  852  6  128  411  117  863  79  309  912  686  444  998  208  614  639  484  885  837  349  546  862  614  21  128  156  496  
700  840  457  487  240  96  447  381  962  81  494  300  564  563  877  314  650  123  442  682  446  914  196  419  587  563  573  599  779  480  550  826  476  721  66  373  733  115  28  262  198  865  109  502  413  618  381  759  773  902  187  223  97  430  120  957  799  775  949  711  319  835  828  5  266  724  220  382  728  782  671  238  849  0  238  800  501  974  636  126  912  918  743  442  21  668  907  831  475  301  768  753  677  612  188  966  555  285  20  783  
933  948  939  471  352  657  885  728  297  754  277  108  455  772  219  270  373  600  97  85  165  302  540  554  104  601  24  895  657  7  780  708  913  570  221  543  69  72  111  287  629  108  46  158  414  326  538  88  238  422  0  116  823  584  213  598  892  764  77  318  625  590  154  809  544  349  177  393  174  657  655  44  132  350  273  414  464  712  552  764  908  282  914  278  86  838  237  16  87  467  423  670  656  102  818  441  701  527  235  450  
893  314  769  721  866  717  58  786  531  844  577  261  378  487  484  393  431  317  906  669  626  216  994  642  288  772  718  144  653  733  383  620  24  260  697  323  260  453  479  189  186  777  458  512  740  499  666  520  365  680  503  177  28  360  929  9  479  420  820  132  35  107  64  4  922  365  476  949  574  323  426  475  241  432  742  673  607  696  136  631  211  268  673  615  254  655  418  396  279  649  999  831  476  989  723  935  462  400  101  188  
987  401  480  281  932  647  105  715  39  636  889  258  759  436  546  532  719  897  887  672  150  199  972  789  803  839  396  32  610  738  297  908  967  884  357  857  335  298  888  683  783  193  875  574  908  429  848  147  824  610  37  914  710  187  781  172  661  548  414  827  881  678  890  680  95  935  501  825  150  212  453  765  723  620  224  261  645  961  759  817  640  854  871  980  421  616  432  374  246  970  695  628  950  921  86  437  391  736  788  667  
309  281  383  380  824  657  404  117  856  287  937  34  761  145  867  340  629  834  673  343  912  260  433  615  751  206  992  167  282  202  77  925  825  62  7  253  634  612  29  33  104  24  476  42  63  438  435  541  972  390  810  445  90  789  201  217  231  505  101  601  21  272  45  58  700  870  723  924  284  977  229  469  769  418  307  876  183  523  284  115  493  463  793  842  822  986  451  140  434  199  136  832  907  984  584  487  971  957  534  60  
923  124  337  549  342  417  539  485  589  586  425  371  339  714  673  130  80  984  546  630  3  819  221  624  905  460  705  6  34  648  948  506  306  889  301  405  429  880  134  568  788  728  616  487  196  282  926  675  373  305  76  10  952  353  640  4  306  985  494  253  989  146  585  130  46  179  477  794  257  91  282  850  424  762  851  629  515  91  973  711  697  490  931  524  556  414  974  145  491  404  81  446  809  600  786  815  962  824  973  494  
246  975  219  607  398  898  999  528  372  250  977  578  839  279  20  872  571  262  602  283  903  135  319  927  448  949  98  734  387  498  312  263  736  95  219  795  42  373  432  324  882  331  310  1  804  732  506  690  409  988  48  277  547  279  899  507  911  270  246  227  37  79  115  936  123  823  400  729  615  15  498  821  539  464  57  680  107  37  755  487  802  612  692  988  810  688  451  446  667  606  440  369  315  297  930  845  395  532  149  606  
394  396  232  519  698  24  716  819  784  885  785  410  666  690  731  980  161  421  969  469  14  297  822  37  297  541  488  202  892  953  606  685  190  575  79  246  339  44  6  893  569  610  913  118  157  131  928  408  116  116  930  698  158  740  131  250  92  239  467  980  706  27  776  555  224  726  739  567  850  954  744  483  183  350  551  361  927  171  543  997  838  144  978  875  877  106  676  182  343  275  557  405  953  397  38  764  907  108  616  845  
803  749  64  456  457  687  6  430  220  261  645  718  195  36  701  491  497  679  68  738  295  765  267  67  149  860  292  995  628  220  969  788  162  994  184  810  552  839  980  378  521  413  373  465  264  942  390  318  620  208  663  997  704  369  809  873  235  403  799  685  374  251  388  832  3  44  863  507  259  739  115  463  336  567  683  168  585  456  666  96  644  985  65  841  13  514  178  267  277  254  761  646  782  814  131  173  386  208  870  143  
268  672  488  419  942  600  707  855  401  79  365  317  499  420  983  59  323  214  211  525  360  410  792  593  783  511  147  879  963  777  923  739  639  192  374  241  503  4  650  171  821  695  715  873  175  759  611  982  381  423  297  620  392  634  232  515  622  555  791  651  275  755  273  763  313  392  379  93  207  782  707  168  608  436  888  689  651  990  796  471  312  363  653  34  26  234  291  240  231  510  501  715  780  883  468  746  917  667  545  35  
835  794  874  210  783  458  599  920  482  596  939  978  607  788  622  613  976  495  351  955  565  788  127  613  395  228  185  206  160  479  53  623  821  613  668  164  909  213  453  898  690  693  934  179  23  631  870  80  455  517  951  689  948  569  562  524  596  779  747  672  222  95  267  741  979  402  139  99  599  521  78  643  942  62  840  517  683  832  443  646  652  430  600  166  841  712  210  540  731  379  438  383  730  198  238  730  599  789  158  802  
0  194  22  895  42  378  341  429  328  595  767  870  841  137  557  29  448  727  42  17  957  592  726  965  793  722  452  264  158  763  222  582  333  571  792  290  825  822  674  70  233  836  110  17  731  823  378  963  156  745  24  872  28  631  760  487  150  189  431  829  517  671  657  171  337  34  881  1  953  293  370  317  163  703  166  684  679  838  915  308  874  609  134  68  661  491  591  504  901  45  180  884  310  726  337  204  657  241  117  463  
997  947  953  198  753  936  489  444  7  458  61  571  141  844  393  696  805  633  967  229  188  28  191  386  303  539  277  694  25  701  536  567  297  805  43  668  928  355  956  868  737  357  18  957  433  863  76  546  534  276  853  234  444  351  747  297  2  643  614  133  604  363  510  647  353  566  877  580  932  779  75  400  824  630  25  566  892  460  117  149  990  888  52  274  484  106  461  342  813  689  818  237  614  533  282  683  577  499  826  402  
912  486  18  844  103  334  467  721  815  496  862  190  511  586  80  762  277  177  146  566  747  745  364  321  524  416  649  725  693  943  94  609  416  742  860  404  692  579  470  27  897  327  668  631  351  893  141  302  566  256  691  540  855  568  312  133  226  848  919  714  89  127  6  350  921  176  839  988  145  913  805  439  796  957  91  205  232  726  832  169  280  322  639  44  743  265  27  335  667  425  848  215  281  357  708  77  903  224  221  473  
188  890  860  418  396  590  911  621  248  536  116  560  498  509  272  26  982  992  16  417  875  590  263  783  105  824  695  689  421  115  971  413  976  773  824  504  590  773  275  722  897  287  565  135  630  428  716  682  719  282  915  104  552  173  370  958  189  9  272  351  192  579  364  238  393  635  387  269  133  368  860  184  705  112  96  569  720  306  245  705  136  163  721  839  771  64  627  832  209  886  741  931  339  860  821  719  234  610  668  580  
174  921  390  459  91  150  687  219  925  868  135  593  444  965  36  219  482  221  719  649  850  19  801  296  283  228  395  980  665  598  884  466  245  462  341  495  523  902  121  329  985  911  912  360  31  350  866  400  409  990  153  981  66  571  144  291  491  950  232  250  729  346  961  770  165  49  652  409  460  339  991  110  695  213  58  833  149  946  15  857  692  705  135  881  406  210  814  216  720  534  880  571  206  58  350  466  242  95  920  284  
284  954  983  959  907  907  610  240  562  740  733  659  693  824  179  312  170  989  792  394  749  743  145  77  748  427  495  163  313  796  486  683  70  86  587  192  346  181  972  673  810  440  682  257  27  176  650  557  91  287  65  894  215  623  445  571  7  376  800  116  910  980  927  124  646  483  914  732  784  439  204  200  9  291  81  385  968  693  39  206  443  676  870  168  401  128  657  673  875  101  774  287  916  307  882  962  496  974  757  856  
144  685  589  378  99  744  231  117  976  467  112  463  567  737  345  771  296  247  105  107  884  951  972  745  520  53  673  354  647  594  946  183  615  826  28  410  36  756  815  689  904  134  199  146  508  370  896  132  440  8  217  421  718  713  231  125  485  782  434  574  705  771  764  894  336  556  653  595  136  826  981  595  419  521  65  148  20  537  558  510  980  623  796  443  717  744  585  640  16  306  351  652  105  798  831  25  448  37  916  779  
603  14  797  612  6  498  50  338  813  156  72  6  392  240  847  170  661  447  592  934  572  644  332  766  739  991  880  748  658  819  661  253  969  53  595  883  589  971  6  31  617  879  889  944  537  167  830  333  842  651  575  130  590  698  911  370  635  208  874  378  579  720  963  438  254  26  636  618  27  330  752  687  382  317  845  232  843  480  413  511  712  335  627  897  321  438  170  611  653  415  25  960  934  889  195  128  206  962  139  686  
941  849  677  694  238  50  48  521  529  567  543  814  820  199  591  239  338  813  898  885  109  528  970  153  720  610  321  577  797  528  29  707  350  133  505  728  55  595  967  752  736  999  130  862  376  936  39  415  876  412  707  693  784  22  263  11  52  968  361  972  208  344  413  260  642  635  856  626  708  987  380  312  563  934  40  633  705  101  639  126  772  245  265  565  376  829  966  575  671  332  494  564  361  159  775  846  175  629  30  702  
176  735  350  358  366  62  654  565  83  522  924  880  590  885  607  355  754  626  323  188  853  821  110  848  949  65  127  124  270  144  174  586  937  682  526  454  799  460  495  972  995  772  817  384  5  480  154  242  426  720  936  980  17  574  715  265  65  800  241  499  726  47  197  145  602  56  242  244  863  565  305  852  187  527  250  251  421  65  974  102  620  796  211  596  463  947  441  84  799  802  474  279  712  512  375  815  502  854  997  571  
125  283  894  288  313  469  723  245  323  758  63  947  941  129  303  103  268  231  302  862  788  411  797  532  19  862  392  136  507  223  259  279  411  235  499  364  271  605  193  137  915  242  265  669  815  267  913  314  12  232  148  841  93  398  775  629  504  740  315  41  148  888  73  334  893  777  804  628  586  816  71  700  200  136  687  265  687  815  883  169  794  592  569  819  372  895  210  967  190  960  77  884  685  404  682  394  496  801  980  989  
911  260  737  10  775  718  54  305  946  272  883  415  307  589  359  535  383  587  924  485  503  612  986  47  538  975  202  824  975  486  176  289  264  877  628  238  451  758  610  243  890  923  653  649  434  361  410  529  616  117  256  716  679  734  462  221  767  46  717  211  607  310  485  262  811  29  427  813  664  829  15  314  380  539  219  707  556  793  288  878  653  945  755  168  691  712  157  562  696  636  720  856  564  300  60  143  907  211  538  843  
716  208  384  922  397  668  203  472  140  73  571  336  192  884  888  460  847  599  706  882  993  974  974  123  713  771  556  624  147  928  253  891  904  465  915  567  111  147  272  574  223  885  368  125  687  617  123  573  382  223  810  705  766  927  723  519  754  200  872  989  633  658  257  794  795  253  930  718  576  11  687  958  936  537  171  416  877  253  16  607  684  204  57  771  427  43  436  993  132  760  219  995  175  221  529  827  263  903  769  465  
922  297  50  543  332  296  120  701  53  27  36  5  846  418  259  645  444  135  315  29  931  565  634  708  483  683  585  492  896  261  846  774  771  520  151  907  30  424  850  976  989  520  210  292  88  660  531  418  325  598  575  646  786  828  25  966  344  987  302  254  659  402  611  272  726  637  658  654  739  75  158  861  296  431  862  568  749  872  111  574  506  925  9  681  710  905  315  972  154  334  835  248  555  938  45  875  150  627  901  357  
486  887  8  312  394  812  356  812  562  393  281  709  991  63  447  266  946  528  958  386  780  714  996  108  133  264  520  11  145  318  814  92  20  22  892  494  558  916  745  821  490  594  557  539  8  801  92  996  259  765  356  980  364  595  685  471  5  449  776  972  802  610  712  95  273  734  181  482  874  906  72  263  258  840  337  525  730  870  276  596  604  459  250  838  637  340  3  260  134  306  569  219  900  37  175  545  808  905  945  368  
489  963  878  701  573  360  223  541  399  666  499  86  770  808  475  349  883  337  473  633  268  45  782  218  757  976  368  991  110  404  754  476  199  825  949  628  856  724  861  705  4  874  430  517  808  415  461  403  290  71  315  415  956  991  324  71  640  321  974  901  910  67  493  642  40  971  91  0  718  609  517  948  245  225  416  326  491  483  266  318  718  145  574  389  706  708  263  725  801  611  405  686  228  378  213  478  320  763  787  4  
132  683  467  746  623  811  70  68  446  841  63  497  563  547  716  397  209  832  322  848  964  747  626  79  173  708  104  701  251  757  362  109  110  14  357  359  60  421  378  253  430  286  992  168  501  626  923  260  582  839  99  12  837  44  711  404  565  31  688  921  373  629  610  863  310  14  541  351  186  186  466  554  463  924  513  271  808  193  647  629  668  293  44  998  432  995  27  368  23  190  546  432  170  144  169  269  979  550  408  495  
611  551  177  946  916  248  245  603  728  341  818  573  488  197  282  0  705  779  207  104  232  460  266  693  294  506  243  100  103  780  386  545  628  903  308  743  465  222  897  574  953  201  386  8  973  717  913  128  3  296  745  263  555  615  211  644  517  342  882  248  30  131  223  643  626  231  902  270  123  26  273  582  855  362  259  137  384  703  724  633  781  23  915  474  885  217  875  890  699  832  924  772  590  726  418  456  848  978  603  91  
62  463  129  526  646  707  223  389  364  353  393  135  280  259  900  389  545  719  396  465  77  60  532  117  552  18  56  724  465  388  775  969  53  619  460  290  11  432  980  248  142  501  218  638  673  792  765  316  76  309  315  199  973  512  527  374  490  916  845  307  531  698  567  525  52  825  528  246  888  598  573  342  793  512  867  779  468  251  716  514  722  335  492  527  184  605  839  940  904  822  429  98  112  407  853  434  345  876  127  142  
322  168  918  426  522  694  954  680  533  928  188  596  742  705  610  956  970  393  698  347  461  413  332  564  142  808  480  381  237  786  134  719  405  866  972  864  541  771  914  227  688  289  633  885  596  991  146  709  592  279  700  839  270  381  173  564  616  536  801  330  375  445  944  524  102  521  826  766  485  475  718  999  41  965  800  770  785  565  976  579  636  140  439  827  486  506  93  856  633  491  214  420  80  642  763  288  999  1  612  966  
502  842  947  920  821  301  332  183  265  311  40  979  595  299  737  500  914  103  168  755  255  614  762  129  487  45  153  969  701  564  390  148  341  36  933  34  486  271  825  959  631  976  998  682  234  536  885  141  813  858  850  601  957  436  321  346  989  834  199  587  445  993  973  445  222  764  375  177  393  839  75  328  711  438  53  314  907  672  23  715  404  862  454  735  271  602  200  670  729  949  97  432  465  481  844  949  892  632  974  481  
626  559  839  35  390  843  658  689  676  646  300  866  114  502  745  103  601  643  274  479  213  578  778  77  719  18  424  408  116  490  775  887  142  166  560  551  432  908  977  882  311  231  343  718  692  503  903  791  279  835  59  762  853  133  80  695  817  824  259  889  401  208  395  262  191  381  130  438  240  558  102  425  394  126  388  906  542  574  716  346  924  255  375  914  646  537  645  345  373  973  379  573  976  956  161  50  779  202  266  732  
267  547  860  619  119  392  904  594  627  685  156  452  46  26  75  916  875  876  614  351  741  32  163  216  668  395  764  879  620  521  563  975  708  712  137  954  140  616  166  132  471  777  290  513  168  601  234  668  145  352  214  461  583  570  80  797  314  193  639  881  80  325  705  649  848  569  783  588  948  66  906  746  95  798  763  989  30  343  352  237  548  739  507  391  230  105  180  673  661  202  359  28  849  722  168  519  282  297  875  700  
570  931  336  825  271  648  131  773  668  496  554  900  159  655  311  153  53  753  573  671  98  226  904  237  773  244  485  484  255  598  488  198  292  190  949  476  658  627  598  483  566  993  962  517  855  689  583  768  402  708  359  213  228  541  189  783  302  88  779  333  466  595  4  590  389  223  748  192  389  83  311  157  689  461  671  403  623  829  455  702  184  913  20  277  216  599  68  133  450  930  678  550  992  595  929  920  184  459  313  977  
