
FIFO

			
•	 2, 6, 9, 2, 4, 2, 1, 7, 3, 0, 5, 2, 1, 2, 9, 5, 7, 3, 8, 5
         |  |  |  |  |  |  |  |  |  |  |  |  |  |  |  |  |  |  |  |
Array =  *  *  9  9  9  9  1  1  1  0  0  0  1  1  1  1  7  7  7  5
         *  6  6  6  6  2  2  2  3  3  3  2  2  2  2  5  5  5  8  8 
	 2  2  2  2  4  4  4  7  7  7  5  5  5  5  9  9  9  3  3  3 
	 
	 f  f  f  h  f  f  f  f  f  f  f  f  f  h  f  f  f  f  f  f


	18 faults.
	

•	3, 1, 4, 2, 5, 4, 1, 3, 5, 2, 0, 1, 1, 0, 2, 3, 4, 5, 0, 1
	|  |  |  |  |  |  |  |  |  |  |  |  |  |  |  |  |  |  |  | 
Array = *  *  4  4  4  4  1  1  1  1  0  0  0  0  0  0  4  4  4  1 
        *  1  1  1  5  5  5  5  5  2  2  2  2  2  2  3  3  3  0  0
	3  3  3  2  2  2  2  3  3  3  3  1  1  1  1  1  1  5  5  5

	f  f  f  f  f  h  f  f  h  f  f  f  h  h  h  f  f  f  f  f
	
	15 faults.



LRU

			
•	 2, 6, 9, 2, 4, 2, 1, 7, 3, 0, 5, 2, 1, 2, 9, 5, 7, 3, 8, 5
         |  |  |  |  |  |  |  |  |  |  |  |  |  |  |  |  |  |  |  |
Array =  *  *  9  9  9  9  1  1  1  0  0  0  1  1  1  1  7  7  7  5
	 *  6  6  6  4  4  4  4  3  3  3  2  2  2  2  5  5  5  8  8
         2  2  2  2  2  2  2  7  7  7  5  5  5  5  9  9  9  3  3  3
		
	 f  f  f  h  f  h  f  f  f  f  f  f  f  h  f  f  f  f  f  f

		
	 17 faults.


•	3, 1, 4, 2, 5, 4, 1, 3, 5, 2, 0, 1, 1, 0, 2, 3, 4, 5, 0, 1
	|  |  |  |  |  |  |  |  |  |  |  |  |  |  |  |  |  |  |  | 
Array = *  *  4  4  4  4  4  4  5  5  5  1  1  1  1  1  4  4  4  1
	*  1  1  1  5  5  5  3  3  3  0  0  0  0  0  3  3  3  0  0 
        3  3  3  2  2  2  1  1  1  2  2  2  2  2  2  2  2  5  5  5 

	f  f  f  f  f  h  f  f  f  f  f  f  h  h  h  f  f  f  f  f

	
	16 faults.





OPT

			
•	 2, 6, 9, 2, 4, 2, 1, 7, 3, 0, 5, 2, 1, 2, 9, 5, 7, 3, 8, 5
         |  |  |  |  |  |  |  |  |  |  |  |  |  |  |  |  |  |  |  |
Array =  *  *  9  9  9  9  1  1  1  1  1  1  1  1  9  9  9  3  8  8
	 *  6  6  6  4  4  4  7  3  0  5  5  5  5  5  5  5  5  5  5
  	 2  2  2  2  2  2  2  2  2  2  2  2  2  2  2  2  7  7  7  7 
 	
	 f  f  f  h  f  h  f  f  f  f  f  h  h  h  f  h  f  f  f  h

	 13 faults.




•	3, 1, 4, 2, 5, 4, 1, 3, 5, 2, 0, 1, 1, 0, 2, 3, 4, 5, 0, 1
	|  |  |  |  |  |  |  |  |  |  |  |  |  |  |  |  |  |  |  | 
Array = *  *  4  4  4  4  4  4  4  2  2  2  2  2  2  3  4  5  5  5
	*  1  1  1  1  1  1  3  3  3  3  1  1  1  1  1  1  1  1  1
	3  3  3  2  5  5  5  5  5  5  0  0  0  0  0  0  0  0  0  0
	
	f  f  f  f  f  h  h  f  h  f  f  f  h  h  h  f  f  f  h  h

	12 faults.







