

Matriz b(Execução Sequencial)

114  617  76  72  157  291  87  11  131  71  270  190  451  125  783  363  200  299  607  952  1  655  439  810  749  811  640  153  840  611  493  283  79  866  204  348  220  498  248  107  774  547  214  640  537  235  65  626  205  859  716  973  406  818  428  656  823  858  168  636  579  680  461  993  634  42  626  979  52  793  21  513  805  542  929  742  597  937  709  304  746  988  825  374  125  182  599  671  150  499  316  222  325  281  386  185  38  373  499  800  
56  356  532  74  538  278  356  955  898  412  983  795  988  442  771  176  643  984  966  219  839  786  762  152  555  207  302  639  529  879  899  87  501  422  400  154  259  901  858  308  806  671  315  861  757  761  389  478  700  355  36  128  797  11  693  576  680  953  983  382  294  820  173  925  846  227  348  61  651  809  263  428  122  327  421  675  779  125  372  196  171  700  796  321  924  210  218  80  538  48  191  484  578  105  229  877  585  568  422  102  
382  916  568  743  469  856  97  873  209  251  899  15  37  430  387  460  904  827  884  495  339  59  403  603  535  904  847  915  840  353  408  970  384  396  553  873  569  717  666  114  35  165  742  801  358  198  558  819  421  938  248  902  871  988  800  592  443  214  448  539  479  841  351  517  397  843  876  599  459  731  38  955  373  376  442  240  41  303  159  67  143  915  793  147  699  967  72  686  489  919  420  674  747  213  679  691  153  967  975  131  
310  717  7  153  444  160  306  688  915  710  595  631  259  667  363  441  835  953  264  563  381  575  958  587  536  600  716  680  769  467  382  684  879  464  43  997  274  890  834  75  56  719  326  261  891  372  947  108  2  645  963  985  723  331  114  586  402  391  866  919  296  618  124  379  162  183  92  198  901  944  559  503  843  653  604  231  125  315  156  489  614  768  471  501  615  693  61  612  460  869  69  437  962  106  509  830  27  703  631  86  
888  607  69  527  849  556  505  450  684  340  819  627  392  222  303  195  133  139  450  731  971  15  41  174  627  318  214  464  813  811  440  131  398  788  742  728  990  609  784  394  204  867  379  526  823  2  334  486  866  31  805  534  914  344  842  750  927  482  458  981  149  320  323  775  126  129  673  381  805  680  791  50  585  717  536  670  669  937  690  228  328  862  659  534  494  149  299  40  690  745  614  42  382  521  684  358  585  355  591  762  
523  580  201  752  584  716  103  280  599  486  141  959  549  213  199  833  987  833  42  257  985  841  125  842  637  251  919  238  564  895  390  443  28  586  753  198  412  301  915  775  360  413  973  460  884  790  238  265  220  113  569  893  87  61  43  977  134  513  960  393  532  439  890  981  19  253  164  129  704  437  329  271  709  932  820  887  834  23  875  269  102  737  285  760  487  761  229  83  372  600  819  364  252  377  309  2  245  425  391  188  
90  566  756  749  410  196  735  539  849  490  891  350  965  940  331  542  7  513  630  117  748  124  563  379  712  32  582  113  350  668  124  677  997  902  208  436  114  36  58  805  254  613  777  994  773  310  909  906  875  393  355  170  570  952  662  330  260  311  366  715  201  943  416  14  654  799  698  864  778  141  569  810  638  123  849  100  33  332  768  665  629  845  287  814  561  648  926  12  292  996  611  654  947  17  815  868  919  231  589  957  
846  622  96  515  60  143  56  392  333  970  936  495  458  681  551  390  414  113  824  679  612  65  409  421  87  564  869  867  365  288  46  328  193  128  866  183  196  591  697  307  287  539  553  224  471  729  997  468  421  839  40  965  289  908  858  772  274  836  678  863  893  136  360  660  504  106  909  112  242  462  472  368  873  435  254  695  767  897  304  559  377  901  995  907  773  752  765  264  944  502  333  19  594  585  743  597  335  334  324  148  
234  271  810  931  360  728  117  834  78  533  905  984  343  736  315  796  686  497  747  307  861  925  240  380  688  585  168  368  905  928  938  285  57  568  283  361  383  563  872  467  40  681  614  117  27  891  732  125  343  10  834  36  788  382  137  390  819  923  318  727  763  709  316  815  809  932  61  332  139  554  373  647  441  42  539  377  192  99  468  963  412  825  414  740  242  717  246  893  479  787  238  121  49  841  799  984  992  119  54  514  
624  849  158  953  45  290  35  120  875  899  278  824  18  1  482  65  18  173  521  548  977  652  443  215  518  431  709  642  977  453  730  431  505  252  809  255  153  694  666  166  272  768  862  680  691  38  434  126  578  722  271  968  292  620  970  359  407  107  723  898  240  714  972  405  747  197  272  491  568  274  29  808  898  501  583  297  813  308  155  439  427  625  532  918  531  782  54  467  280  258  573  820  361  514  32  762  993  667  272  690  
469  427  343  753  366  103  679  869  731  831  168  424  716  78  676  287  404  390  283  666  604  376  207  540  656  633  347  145  225  952  637  63  286  499  428  958  672  929  944  641  257  219  157  662  895  36  259  138  810  592  382  117  144  752  821  709  226  83  912  519  357  584  299  96  823  903  57  281  915  336  263  953  11  372  719  76  577  56  749  161  802  839  930  722  471  647  570  596  466  836  580  639  169  784  790  191  738  996  26  144  
68  880  560  953  381  342  129  519  997  917  254  506  846  49  195  780  902  864  636  53  219  632  42  669  699  587  129  73  116  604  785  302  582  132  887  812  443  837  344  97  208  896  482  79  516  81  70  631  721  616  429  900  875  691  254  397  268  550  434  858  74  805  852  568  454  880  640  255  386  357  255  736  398  468  292  508  182  843  359  24  292  978  691  701  917  561  437  227  915  909  99  414  767  401  719  705  552  409  263  110  
133  562  291  127  234  142  482  695  194  83  816  346  826  931  784  547  14  982  274  732  338  299  762  280  551  6  541  973  624  163  136  765  807  624  919  83  225  537  566  90  243  381  303  473  912  918  401  531  800  422  634  555  6  5  537  213  358  822  146  496  217  433  783  535  766  460  735  111  327  242  685  202  269  69  576  762  49  304  370  337  73  573  80  989  379  118  629  657  704  735  539  815  168  672  23  346  470  648  328  559  
935  212  324  11  965  648  654  839  187  924  616  353  564  632  776  157  932  42  275  896  674  340  3  372  56  107  206  136  441  585  93  111  998  708  685  553  405  536  69  430  911  535  460  126  772  593  311  967  358  503  53  654  774  688  887  654  878  406  214  6  661  211  754  964  216  254  237  935  987  618  282  499  756  485  157  766  328  165  673  391  860  894  832  798  530  273  282  974  798  943  372  143  636  83  428  817  840  301  320  594  
434  122  200  720  100  857  94  795  921  457  496  681  387  382  319  197  649  722  904  738  652  439  957  713  964  315  983  618  675  565  161  614  166  996  700  163  76  375  467  769  716  687  58  154  439  504  936  607  463  438  350  461  475  829  771  542  216  929  645  235  733  307  126  415  387  213  601  55  999  484  463  366  462  100  947  853  684  771  198  24  704  11  607  35  655  11  979  883  20  543  317  993  977  43  386  857  885  567  995  113  
874  780  136  508  593  533  774  711  629  704  644  531  201  988  944  817  702  469  777  844  820  698  720  23  372  200  160  119  849  223  31  603  537  730  264  801  451  12  215  250  919  750  576  189  500  997  812  474  818  552  305  612  717  471  260  73  890  391  214  238  745  938  752  507  575  451  373  407  671  959  851  308  685  703  36  266  879  882  607  786  912  383  934  56  745  544  717  300  246  795  918  586  219  26  987  989  129  138  793  290  
633  288  517  648  356  815  550  958  221  663  966  261  467  255  686  637  590  155  349  107  357  920  333  783  402  772  347  91  283  948  305  384  310  597  569  483  632  131  400  229  226  792  156  56  272  412  780  876  919  323  843  562  283  436  984  16  186  173  628  155  760  12  641  283  352  952  660  648  676  327  831  786  250  601  598  6  939  737  779  796  728  67  600  29  75  656  281  555  23  119  859  216  438  87  325  520  173  879  17  35  
13  654  215  50  361  566  999  723  519  2  0  720  789  505  290  913  466  867  773  34  518  32  619  903  398  672  561  251  136  133  997  864  935  572  716  625  491  819  507  44  449  668  512  819  755  815  981  209  275  15  335  921  9  58  489  890  511  188  512  336  277  725  27  676  781  190  106  43  101  900  775  539  165  539  621  258  884  131  227  153  548  0  5  590  6  891  528  631  843  678  280  130  840  797  880  514  620  800  372  139  
122  629  742  143  526  970  732  257  558  200  515  990  942  211  754  563  328  502  237  866  894  163  915  798  933  32  151  774  744  757  0  167  638  866  797  721  913  638  801  163  228  194  942  595  136  19  386  189  435  326  787  293  781  94  599  672  760  514  732  132  28  514  521  481  85  983  375  415  650  210  48  94  690  348  42  796  308  341  192  912  299  777  550  566  124  532  334  612  326  238  124  769  109  754  202  613  371  224  865  500  
228  819  789  172  316  820  179  917  991  509  81  488  108  18  322  16  351  537  622  709  602  10  682  40  903  218  600  329  205  834  190  380  916  436  355  210  382  357  204  75  300  502  762  41  515  548  829  943  185  632  537  105  576  345  131  558  165  333  192  303  653  423  290  867  926  570  192  707  469  371  401  457  937  140  341  526  826  53  992  584  71  726  844  34  412  759  753  125  580  240  684  901  673  996  690  54  853  992  447  813  
715  10  799  59  567  340  983  516  391  520  249  286  21  918  867  101  842  304  219  619  0  918  705  701  796  325  721  656  678  491  867  658  926  206  897  942  925  626  796  503  701  217  331  829  638  596  42  725  670  360  435  539  804  356  411  403  338  279  963  302  852  766  769  783  753  75  875  588  637  409  312  874  616  588  387  250  847  237  876  168  157  155  853  282  357  638  118  21  751  148  453  50  373  590  902  992  616  661  626  955  
476  526  199  299  604  357  572  695  868  381  591  968  457  949  341  658  751  790  726  629  847  930  162  42  514  55  860  169  351  960  153  455  285  188  917  596  286  312  923  491  600  367  222  74  112  946  560  673  829  427  350  280  943  307  783  841  442  548  32  949  595  880  445  442  621  136  957  906  104  721  515  399  424  896  292  146  717  166  554  251  260  255  44  474  633  588  543  316  663  113  926  409  654  185  177  234  352  317  437  753  
8  651  88  873  831  51  63  563  460  749  198  162  832  990  75  31  307  882  327  174  46  483  266  425  470  967  778  107  817  64  695  940  497  629  367  963  994  741  641  539  842  571  512  964  796  830  758  762  120  448  770  779  403  902  47  769  134  454  27  567  693  36  825  161  679  912  843  516  109  713  727  228  33  293  124  484  437  264  794  824  60  529  660  863  633  805  251  156  778  403  368  332  8  534  205  138  806  41  848  317  
28  524  349  595  167  253  768  263  94  586  932  645  179  547  130  295  957  868  49  568  614  416  350  517  934  649  392  203  707  244  203  644  906  786  103  164  167  616  349  951  708  960  822  237  266  936  871  669  242  97  484  463  582  962  832  406  418  954  238  42  400  461  96  596  196  830  385  690  732  714  169  850  3  125  333  492  980  350  720  848  365  165  762  142  671  149  730  972  368  733  11  458  963  824  185  345  117  780  15  18  
981  824  175  220  767  262  349  397  724  800  856  257  186  87  965  16  268  310  769  26  790  637  987  790  167  865  645  712  250  209  261  40  603  252  732  375  307  838  194  813  448  457  371  310  388  904  778  11  352  751  9  772  6  182  98  339  184  829  717  4  423  89  143  768  499  859  115  153  652  82  79  536  715  103  102  770  993  119  413  57  721  445  252  286  652  189  348  805  898  246  567  241  663  87  8  230  394  778  592  269  
981  269  882  34  57  525  124  881  378  845  242  959  291  701  529  749  997  246  988  255  41  137  351  883  96  399  574  997  402  83  528  231  451  988  238  342  7  679  274  320  94  241  101  281  896  417  521  364  733  116  872  758  289  306  871  407  307  278  235  890  529  556  758  204  954  90  78  593  55  337  627  34  359  885  370  970  301  623  114  920  448  636  690  431  423  134  702  624  663  856  548  145  98  631  247  535  102  988  23  39  
831  551  3  555  2  557  5  936  223  945  72  35  753  681  856  259  206  183  461  498  270  256  982  518  185  666  590  828  130  454  622  132  778  604  375  71  370  270  121  189  265  69  661  403  373  848  84  233  978  883  338  114  708  299  539  908  931  167  40  272  338  523  389  916  420  430  354  507  580  27  52  942  295  365  344  475  312  332  931  820  911  612  121  731  63  900  544  921  74  860  376  510  676  383  161  474  409  568  993  954  
780  505  840  734  605  215  234  736  685  690  257  767  625  808  637  457  657  360  409  71  612  604  114  994  562  831  430  875  397  478  847  632  581  812  507  51  455  318  41  956  97  37  754  423  692  177  890  136  855  346  209  859  268  146  283  304  929  303  936  987  117  212  352  34  452  39  511  727  401  117  425  317  271  482  826  80  517  637  956  317  44  471  134  376  198  140  758  597  76  826  227  438  787  326  985  650  797  487  633  439  
304  274  124  583  117  644  941  373  623  6  280  195  261  154  259  724  750  877  111  4  392  605  491  743  285  505  269  647  475  159  109  687  878  472  625  956  213  760  743  228  373  666  322  62  830  784  27  425  512  104  667  769  425  467  467  171  398  719  513  946  475  508  959  506  169  699  769  642  323  633  579  279  173  140  773  955  50  925  172  540  768  99  70  152  874  296  985  998  418  621  152  377  913  41  795  382  860  862  322  676  
684  948  495  715  379  471  309  284  494  356  632  537  835  169  706  646  400  274  815  220  541  599  822  583  592  66  821  885  379  47  832  278  612  653  229  835  577  49  207  192  757  105  156  339  212  526  53  510  71  858  83  233  716  417  280  528  301  821  793  52  971  641  790  549  591  239  386  29  580  349  662  120  525  889  125  415  855  422  467  604  258  175  951  800  593  336  218  936  147  915  690  711  614  808  984  20  680  798  371  171  
81  886  806  298  568  728  477  522  432  413  895  485  710  898  736  102  338  942  110  860  336  579  590  729  266  184  203  975  404  679  618  146  371  202  300  833  986  505  33  133  883  294  797  740  255  434  114  663  890  984  314  535  854  807  951  511  650  269  946  627  902  918  468  622  838  532  44  321  456  633  157  703  908  295  522  237  368  297  361  655  861  506  898  830  433  771  107  933  314  875  209  283  915  750  277  411  6  864  168  182  
238  547  868  379  632  163  945  20  38  787  377  10  111  929  73  811  14  732  404  655  886  494  501  739  903  828  353  140  167  202  134  973  488  195  244  68  433  46  975  822  900  629  926  163  364  839  715  260  945  149  719  281  2  666  521  887  605  459  707  398  854  46  714  313  273  527  616  559  901  565  855  54  544  787  660  535  465  730  21  116  686  651  864  6  322  507  314  844  370  384  113  893  141  784  487  846  542  560  523  928  
951  490  741  880  564  192  414  50  9  388  658  56  248  18  603  947  387  941  307  125  514  94  30  29  906  244  801  1  259  165  539  170  531  154  134  417  380  816  826  815  671  235  815  355  28  853  436  308  448  444  953  214  96  226  245  610  560  974  317  653  731  951  362  250  30  225  709  308  677  896  738  660  465  777  983  289  429  921  527  693  380  604  311  123  434  255  219  903  387  866  478  830  755  749  141  485  970  99  231  485  
547  556  523  123  786  900  230  766  697  393  48  554  445  618  289  641  913  266  365  537  359  972  865  913  6  729  600  44  413  124  863  952  386  767  378  361  391  806  433  199  609  833  74  966  423  416  420  219  364  614  157  940  496  200  417  392  137  407  855  390  346  681  578  346  829  877  105  394  474  77  715  142  260  502  843  302  372  435  699  902  317  368  592  428  171  906  2  609  696  820  222  822  724  36  762  278  569  420  413  377  
905  620  368  50  284  860  613  342  993  607  554  652  824  644  586  892  194  830  393  456  526  995  881  607  210  986  886  104  857  133  698  164  374  566  37  676  174  334  837  169  315  993  934  259  171  365  143  913  499  0  753  111  289  65  420  694  493  991  175  181  651  271  340  533  831  233  454  954  45  769  288  805  813  987  819  398  136  31  691  695  361  317  958  636  386  434  587  591  82  152  763  320  328  819  542  417  423  320  366  407  
726  656  544  972  211  874  852  162  507  743  73  962  808  471  893  354  496  713  329  717  326  143  974  773  575  656  334  795  947  583  257  255  933  456  626  67  825  195  805  505  202  641  119  678  221  603  394  390  93  475  580  686  75  530  947  136  722  504  647  937  45  521  851  951  78  773  154  446  531  512  402  217  759  952  104  190  170  518  592  586  806  531  86  164  815  147  590  430  142  103  132  901  507  116  873  882  684  193  243  264  
222  111  328  990  670  809  791  975  509  410  611  804  598  565  636  852  613  48  332  434  214  202  187  92  479  819  831  604  83  579  227  751  404  866  947  66  28  911  537  29  880  452  776  24  482  647  979  338  241  275  88  400  159  628  526  426  911  834  56  497  17  493  573  213  955  103  205  51  597  719  99  156  185  761  226  176  118  442  189  881  176  610  734  5  165  482  98  602  374  173  880  118  216  123  108  183  350  200  957  236  
853  140  615  679  931  811  61  714  533  372  327  726  596  623  147  619  195  240  419  178  112  888  899  678  540  10  558  816  937  907  52  90  967  987  538  627  427  72  230  921  732  465  541  821  843  872  98  768  447  369  597  500  417  671  487  517  803  782  85  798  872  51  560  376  944  95  552  340  803  954  832  778  887  925  514  586  408  992  312  552  722  353  500  501  990  502  93  0  327  938  447  611  672  587  757  153  644  397  29  30  
49  983  408  271  897  34  68  145  271  578  432  13  923  621  892  185  810  497  339  49  829  995  38  540  907  769  182  396  774  416  365  285  407  761  401  798  239  719  990  29  348  676  447  829  932  769  361  139  104  156  948  631  344  140  367  645  983  760  287  74  11  13  75  412  491  678  311  475  757  862  315  812  59  401  784  659  137  520  990  40  830  219  173  235  349  617  366  746  295  316  36  585  198  847  197  432  408  649  615  776  
702  563  121  967  528  469  103  212  0  967  401  716  191  571  65  891  39  608  535  382  823  616  42  388  452  851  317  261  10  301  964  851  943  395  778  557  792  859  705  155  379  209  124  723  24  990  828  826  820  74  110  558  811  978  413  760  513  661  505  135  694  496  731  751  772  242  779  785  934  681  209  516  486  555  885  721  275  65  779  132  118  238  766  630  175  325  192  55  761  408  107  689  430  989  959  280  416  731  305  430  
342  634  868  267  839  656  438  9  294  952  977  901  225  293  813  738  704  637  695  255  255  936  616  521  56  432  661  283  560  66  318  161  892  562  317  581  128  445  852  568  507  128  467  714  243  350  157  509  280  934  495  852  496  507  588  401  271  164  336  27  272  452  223  366  436  605  776  917  797  877  939  202  320  619  652  542  693  90  60  12  253  476  707  72  375  978  739  270  710  991  316  844  883  397  216  161  330  847  706  431  
596  421  703  3  48  542  761  6  526  936  12  147  826  483  815  209  625  651  745  51  324  748  854  51  574  720  564  29  675  100  374  679  70  129  660  103  71  454  501  44  448  762  866  766  243  495  264  818  274  714  402  726  986  671  273  531  668  906  401  879  425  704  401  178  634  788  694  689  674  429  268  294  872  764  515  937  292  900  769  431  245  402  714  633  845  628  49  712  930  990  554  27  682  647  286  555  554  842  433  942  
747  72  787  879  138  51  41  399  826  214  103  789  151  528  229  89  666  967  643  630  868  737  666  413  33  757  969  134  531  224  992  546  592  604  133  908  937  803  665  349  263  881  413  175  804  903  950  769  716  636  978  554  446  222  471  929  298  806  135  536  257  994  873  288  172  707  822  328  778  679  102  359  281  361  496  441  104  948  203  167  374  455  675  46  43  242  403  386  810  206  899  412  727  147  590  646  819  739  171  599  
944  91  182  609  299  202  11  672  646  378  366  813  158  956  97  833  880  480  907  893  499  746  74  606  18  919  685  990  801  470  200  965  200  316  116  919  465  640  354  534  410  542  676  280  168  247  41  804  96  853  251  982  819  324  223  802  573  739  648  485  874  250  143  895  822  286  676  500  775  240  362  385  762  484  730  428  22  220  238  829  777  908  807  921  821  841  462  837  958  563  876  311  402  50  935  119  710  348  433  677  
521  708  782  893  752  190  106  949  502  951  852  351  740  106  715  353  828  509  476  498  62  194  117  815  278  633  937  252  195  171  608  454  228  49  578  524  456  739  513  158  618  684  200  198  336  507  251  956  399  189  36  101  484  709  71  755  185  853  227  239  226  22  758  219  971  4  891  612  24  805  883  917  464  304  645  423  647  986  931  828  391  147  443  499  706  271  22  221  423  473  553  638  934  674  645  479  721  359  941  464  
922  944  931  372  235  909  720  53  478  43  615  605  273  324  764  454  805  53  310  322  540  769  893  60  300  386  602  791  948  607  235  405  26  369  543  959  751  304  52  580  440  771  754  789  426  189  291  213  144  954  258  885  948  304  110  805  496  387  553  479  16  177  609  382  78  492  210  876  856  758  477  952  242  894  234  774  196  152  965  25  113  19  592  156  163  540  837  966  789  912  990  83  7  599  443  927  456  836  183  789  
75  617  72  6  432  559  57  118  253  299  437  984  145  244  530  49  734  504  712  642  184  630  613  655  350  311  894  204  732  254  92  631  386  550  832  401  861  427  684  966  520  304  568  757  327  247  742  273  271  704  307  221  101  905  978  782  994  35  894  594  768  749  731  742  19  938  514  701  678  285  695  485  521  501  265  516  93  931  198  488  748  864  280  139  256  332  344  53  254  449  445  123  189  718  745  374  601  239  769  255  
855  130  975  630  773  540  997  937  752  642  831  145  432  732  950  801  580  707  885  472  565  483  762  142  290  908  946  802  976  218  89  866  244  13  518  972  358  147  759  633  515  920  333  610  623  416  534  402  229  619  499  35  94  151  102  668  121  164  931  672  548  736  455  562  168  707  353  284  18  172  195  711  291  626  868  901  366  552  190  266  393  232  696  721  946  472  863  563  375  465  166  706  474  156  438  619  431  191  971  298  
716  741  750  63  636  532  928  943  975  536  58  142  594  637  262  703  6  809  553  742  576  752  839  76  676  561  659  682  31  494  914  450  720  697  99  430  929  777  693  619  8  460  813  952  980  990  706  857  319  960  887  193  519  524  772  308  528  293  289  858  226  467  529  447  514  787  374  895  191  534  239  519  748  480  107  271  757  88  8  899  31  112  957  169  561  42  792  484  1  50  77  951  796  267  643  950  518  449  76  102  
178  198  250  469  374  464  105  76  119  447  860  769  652  500  463  824  449  301  822  698  611  390  9  150  995  361  118  539  696  86  201  720  341  142  225  538  765  720  794  461  222  398  738  398  809  530  186  205  468  554  140  280  762  124  388  441  809  538  252  906  565  302  631  751  29  921  602  882  802  484  970  397  952  578  758  615  26  941  818  561  718  253  284  146  770  239  999  359  810  258  482  574  200  757  397  913  774  60  903  465  
546  9  774  320  15  78  12  136  948  257  922  666  355  353  844  518  176  373  352  281  3  244  876  973  829  847  20  802  523  866  269  106  42  353  305  554  767  399  983  101  929  114  14  163  966  115  246  46  366  913  11  125  272  12  271  721  592  7  146  68  793  360  664  978  388  833  200  72  733  656  853  937  487  868  67  912  372  190  959  783  154  951  283  646  181  808  853  455  13  323  722  557  580  473  940  909  918  654  878  445  
613  998  528  714  353  899  836  725  688  798  275  685  831  162  364  664  653  9  738  50  512  630  289  984  783  346  861  191  707  362  344  910  395  869  510  746  90  435  965  743  927  968  926  716  881  832  131  663  317  709  644  312  574  516  586  170  743  318  519  899  360  842  528  493  250  888  889  413  321  608  451  145  269  608  748  655  469  28  147  664  601  296  606  539  137  409  858  982  584  962  598  719  183  19  669  848  127  819  830  993  
799  662  697  616  997  305  881  931  469  938  672  118  900  669  684  264  167  969  532  184  781  330  958  517  469  151  281  850  182  915  481  752  513  113  876  382  629  720  496  508  391  526  255  965  811  465  177  331  387  976  300  772  427  185  786  834  279  900  224  200  18  292  310  360  580  525  471  713  702  816  935  670  597  108  772  234  529  743  122  863  545  651  759  383  365  691  944  825  32  460  958  437  192  737  449  147  506  998  999  692  
839  814  552  988  197  376  417  336  443  612  188  914  678  44  376  187  489  493  466  656  732  989  944  13  747  438  182  149  961  936  687  636  498  205  497  300  50  806  501  907  133  387  609  422  476  992  332  510  793  307  502  865  223  449  177  76  848  256  256  4  388  623  739  364  131  26  620  808  384  162  353  512  379  153  286  560  897  899  670  876  945  496  630  721  21  582  574  663  259  915  637  42  760  800  264  944  280  785  78  493  
884  976  819  961  928  618  455  907  815  785  563  888  374  753  447  492  475  54  490  600  512  274  79  932  711  101  433  532  691  517  643  110  496  237  383  316  161  145  464  677  628  703  365  670  404  577  829  165  443  735  738  766  514  42  500  238  590  555  67  21  401  330  255  441  82  403  815  557  217  954  941  104  899  935  419  418  559  509  572  89  419  204  793  514  14  46  814  44  930  831  520  742  301  837  214  16  61  111  705  118  
21  330  714  369  361  454  766  992  786  48  416  653  814  569  739  298  391  115  218  681  14  763  223  203  484  369  724  264  549  613  969  565  177  461  658  332  144  697  732  269  682  31  925  882  928  985  757  625  250  108  644  930  702  652  162  176  497  380  205  21  974  129  186  365  705  638  467  317  478  522  305  52  578  157  270  791  901  130  458  387  507  798  361  731  222  767  613  410  786  679  956  810  292  304  216  211  480  161  583  431  
261  439  432  762  503  863  113  639  177  615  303  237  221  68  578  200  922  206  580  452  449  864  351  253  444  980  104  33  906  643  4  159  403  786  941  777  541  584  33  941  417  876  919  850  757  555  782  917  767  511  12  394  778  283  80  424  944  954  389  621  605  848  708  545  387  761  685  519  359  885  817  342  216  781  854  550  559  551  192  221  311  204  433  25  227  19  469  104  366  711  172  579  739  411  548  609  953  638  291  592  
842  865  542  990  569  118  473  157  198  458  356  77  664  915  166  604  926  237  600  624  713  357  696  885  529  729  824  394  362  487  435  182  354  545  860  72  850  26  395  28  39  107  285  537  981  78  159  103  215  540  750  310  685  898  406  857  234  613  204  546  64  542  554  63  883  9  192  450  879  623  81  262  766  260  905  589  298  979  344  254  259  693  155  404  430  888  392  186  27  764  388  939  849  849  540  790  984  284  252  910  
98  32  846  975  231  393  154  140  435  21  470  230  966  891  915  407  241  189  613  309  984  953  580  362  320  378  467  207  901  151  653  409  904  129  431  572  333  320  405  91  53  279  301  370  516  507  474  83  384  803  142  980  428  81  832  306  681  415  125  615  672  701  782  638  486  471  646  431  292  962  423  598  370  399  696  134  616  792  572  987  121  56  849  997  524  759  900  289  800  715  54  721  387  346  53  339  591  284  338  655  
658  797  154  425  744  896  651  327  239  239  197  373  783  206  754  308  740  192  491  745  449  986  441  17  107  987  541  770  31  405  900  221  633  445  491  968  146  733  330  672  972  252  656  683  462  459  972  323  95  936  451  455  192  975  346  291  803  404  121  984  762  926  634  447  213  461  438  294  316  788  3  365  501  530  707  762  466  58  123  792  634  826  502  78  786  104  206  508  248  328  631  425  476  379  192  672  643  634  134  40  
58  584  207  498  811  821  560  190  439  70  28  590  200  378  817  92  354  296  128  823  174  36  241  345  697  744  561  428  903  999  881  674  208  437  756  420  421  922  836  514  898  613  386  833  399  781  552  723  372  187  525  729  544  563  972  531  630  586  201  895  237  193  186  24  43  647  629  654  85  749  692  131  189  466  577  430  193  695  207  472  948  109  72  516  931  738  773  980  454  251  661  246  880  411  644  301  173  210  223  996  
416  65  58  413  646  721  446  728  634  827  250  319  94  394  765  686  818  653  734  584  781  480  344  220  237  746  309  375  772  522  605  3  745  874  891  612  976  526  908  659  64  614  213  588  646  582  897  914  787  598  876  227  855  150  758  182  328  442  479  256  171  419  843  525  541  117  235  236  255  621  600  684  548  731  404  738  529  581  591  261  256  572  659  320  968  127  268  758  556  285  391  597  422  985  510  584  72  790  54  440  
639  801  941  878  797  358  907  503  425  915  796  809  941  761  470  973  804  784  678  186  102  738  569  217  305  160  370  880  918  664  119  838  845  528  536  173  69  685  213  21  276  516  131  916  112  601  435  540  168  694  614  957  113  971  369  306  705  524  257  640  730  24  372  23  531  333  804  37  337  641  424  320  997  68  64  466  130  761  421  50  638  499  690  876  43  868  59  986  544  657  425  683  248  409  984  986  567  852  837  11  
909  457  22  262  616  191  424  677  930  341  735  418  740  213  334  938  725  714  275  742  868  843  670  784  862  672  894  714  196  953  80  977  764  918  701  361  338  529  294  755  178  56  727  890  613  94  117  451  846  657  309  209  296  406  459  112  366  152  51  34  974  304  752  646  19  455  687  190  669  214  7  719  375  582  55  508  85  900  331  683  608  860  237  121  32  222  124  97  325  350  180  119  425  277  41  467  789  94  361  897  
831  459  294  798  997  293  884  981  544  713  893  751  88  320  710  376  784  216  422  438  630  366  843  813  649  645  928  710  311  831  911  6  522  2  407  170  919  742  394  57  971  499  254  737  89  184  462  267  476  494  916  291  14  707  37  624  115  18  185  266  109  711  741  801  28  744  343  273  426  255  493  403  8  885  347  408  977  625  7  366  505  413  899  133  353  697  486  187  698  561  7  75  995  185  327  301  976  289  33  583  
257  260  569  648  661  722  663  685  529  214  655  733  858  577  965  567  570  253  58  691  849  318  934  582  724  482  953  215  675  914  938  238  353  368  906  868  509  824  942  430  904  908  288  971  538  359  369  109  558  315  237  884  14  997  474  342  172  198  358  667  383  853  253  92  766  912  548  995  68  770  589  558  672  590  231  69  207  281  953  195  473  646  770  42  581  835  944  719  705  896  324  28  882  312  982  668  380  463  251  617  
558  652  935  825  22  705  592  623  716  645  753  238  342  290  967  705  136  802  492  957  5  989  589  328  30  845  162  826  94  330  810  697  112  242  937  252  685  616  151  661  30  69  13  313  274  692  463  836  36  895  97  357  157  328  343  961  681  297  949  691  169  109  311  41  260  927  182  250  970  296  264  387  815  207  146  9  808  120  157  992  390  231  811  938  132  501  580  500  694  689  321  650  792  787  804  619  288  537  866  407  
225  796  366  876  885  629  940  680  926  513  398  81  521  404  510  968  399  473  625  564  729  192  892  603  232  496  614  756  623  283  26  975  869  753  87  157  603  517  358  388  198  228  503  611  273  771  239  516  306  168  578  679  551  945  570  171  85  649  18  63  205  889  961  887  171  507  774  426  196  465  52  240  836  260  114  233  906  177  122  977  752  933  683  543  626  890  846  93  106  650  898  641  670  487  988  306  983  421  518  943  
390  575  650  545  53  310  196  888  72  824  978  571  342  469  160  177  312  269  180  885  676  878  75  327  30  641  550  708  404  763  541  935  717  641  869  353  261  621  625  132  903  78  523  406  656  172  309  817  852  800  305  911  959  841  369  851  170  307  11  314  887  434  941  776  75  405  105  534  120  126  301  825  420  53  202  271  873  940  598  995  202  214  88  896  286  360  576  457  908  457  640  174  660  310  587  588  214  254  273  644  
593  956  732  483  529  67  954  105  758  868  983  778  614  874  445  35  998  919  939  967  922  639  792  783  550  322  131  815  456  40  1  845  741  204  505  213  684  187  391  216  883  334  547  419  620  362  685  532  43  641  368  519  415  961  768  982  946  971  273  407  647  998  534  351  279  514  106  908  904  216  726  513  83  814  968  178  200  369  788  159  496  547  17  486  423  900  795  529  972  756  281  198  398  486  299  669  525  161  673  612  
514  136  218  958  635  617  832  131  647  491  116  1  786  968  564  936  558  290  406  939  519  506  519  433  849  59  356  243  936  261  532  905  540  694  744  286  831  387  248  394  300  404  180  277  429  61  971  208  217  384  52  760  256  920  638  612  85  481  382  918  975  283  477  351  235  437  163  266  218  607  252  626  883  47  949  479  988  309  284  932  818  202  929  188  363  195  316  939  764  316  844  257  92  871  297  129  612  139  343  312  
721  505  560  8  640  194  749  460  676  589  985  782  31  133  114  868  667  142  60  562  596  744  883  856  628  380  124  620  634  843  929  579  112  734  304  496  15  376  648  183  585  168  199  995  859  995  370  459  805  814  561  668  599  241  142  880  362  670  778  116  481  177  989  271  26  154  336  550  428  141  8  556  726  619  50  735  770  1  269  726  413  86  768  822  339  91  193  812  155  74  55  652  877  177  125  392  556  912  700  677  
300  21  12  687  368  721  454  789  448  956  40  759  766  691  854  228  4  690  801  616  891  156  895  506  82  375  992  235  625  701  320  434  113  884  573  741  459  55  351  434  65  222  966  892  749  209  141  289  508  274  410  576  678  943  902  456  356  455  559  779  239  420  967  201  545  534  233  585  290  569  32  851  994  340  812  744  493  267  802  155  688  383  190  841  887  768  224  827  272  820  384  532  327  834  39  638  407  215  500  151  
730  610  79  593  389  891  613  792  827  477  289  148  629  917  427  886  451  226  712  943  257  972  94  763  896  706  906  269  119  548  104  756  31  990  798  675  344  653  30  999  451  212  646  889  669  704  925  795  293  282  684  895  451  962  406  987  692  281  190  225  758  15  476  555  220  922  699  107  486  240  122  745  921  948  260  598  846  180  359  404  890  491  86  896  162  547  123  904  712  930  549  935  758  701  305  720  534  522  744  183  
387  855  93  226  712  632  33  550  827  765  861  966  94  2  307  479  266  713  610  15  879  754  988  323  957  226  389  103  192  945  474  385  12  173  588  263  797  309  856  846  409  520  100  972  788  579  464  37  39  73  894  554  207  404  143  249  45  354  380  677  343  740  557  685  83  760  66  354  483  190  524  850  674  31  55  851  865  385  327  873  934  407  763  815  297  789  26  292  492  378  937  941  223  126  318  417  790  602  252  314  
527  39  3  422  659  879  515  469  625  976  493  757  841  647  510  914  460  665  345  761  101  228  200  979  316  252  991  175  999  481  325  496  621  246  543  342  977  852  579  568  607  757  598  983  302  85  538  109  922  35  96  524  221  437  365  724  841  617  844  116  276  104  353  442  633  76  101  173  703  923  699  239  88  700  197  305  200  598  28  166  64  919  970  953  238  290  173  459  835  770  899  764  648  835  933  283  278  160  593  449  
761  974  544  743  712  8  568  127  995  628  591  912  177  746  333  676  246  989  964  700  965  338  991  675  232  133  84  151  305  92  463  516  331  51  525  370  26  733  114  695  556  484  391  304  930  408  67  808  119  35  125  555  588  222  843  852  902  476  635  355  997  140  203  298  753  244  854  294  379  240  934  355  117  858  313  873  375  68  402  106  471  433  924  109  428  713  245  77  471  211  749  554  895  93  889  313  104  511  376  55  
791  549  930  537  788  899  296  87  419  971  140  358  185  977  382  285  369  944  303  40  968  726  942  760  483  186  261  115  858  534  759  495  353  879  376  906  51  209  849  390  716  536  870  528  953  633  414  143  998  503  143  577  716  257  947  577  500  416  283  133  397  239  630  988  606  611  909  893  648  994  599  154  323  640  692  252  100  916  480  544  375  673  47  118  871  120  951  26  519  59  726  691  132  332  961  937  569  852  37  165  
102  296  966  424  663  294  218  973  572  477  801  58  258  658  268  337  405  655  911  198  680  206  700  121  123  91  804  851  792  367  245  397  34  809  115  403  354  623  684  656  647  306  725  435  433  559  170  863  546  874  310  441  562  45  199  306  430  246  812  765  12  575  87  946  822  55  897  88  416  774  38  913  616  165  662  367  569  148  333  188  371  357  864  656  514  693  196  372  194  507  925  995  364  745  359  344  944  568  445  865  
823  424  548  59  243  188  826  864  173  340  401  796  202  852  210  133  596  698  455  153  209  605  546  57  186  960  131  866  714  550  386  628  409  976  921  404  980  946  533  180  66  523  241  35  645  475  887  271  499  631  236  869  65  680  551  339  675  449  142  462  762  239  596  21  842  707  115  350  471  843  474  38  372  175  203  852  999  262  124  287  84  241  783  654  293  895  881  350  499  816  547  214  147  285  408  494  600  140  428  734  
464  818  981  467  150  625  754  388  196  969  692  595  779  859  828  854  377  984  147  829  837  40  960  647  209  302  338  501  181  480  514  680  308  541  259  830  717  287  609  319  768  689  379  750  355  722  103  251  257  190  601  437  558  733  663  436  177  725  692  197  557  331  855  39  206  799  887  219  957  269  373  408  448  600  70  532  513  321  108  526  321  621  400  672  945  812  182  851  741  486  52  170  45  248  568  889  946  28  718  398  
913  687  907  277  926  723  665  665  489  893  183  598  318  57  523  60  731  425  319  894  339  244  502  849  873  451  321  480  556  800  395  644  22  831  77  504  768  494  438  74  990  585  891  830  866  222  471  805  272  591  959  994  269  5  157  413  653  962  518  81  80  743  26  544  976  980  832  414  73  118  131  666  469  594  61  585  539  160  543  949  971  914  930  171  945  420  501  554  364  246  67  975  522  69  720  454  634  760  544  547  
997  333  108  358  761  147  786  500  836  723  23  362  314  136  628  325  794  829  483  981  243  645  948  816  263  830  680  746  809  159  489  698  968  184  76  624  192  105  964  483  545  51  948  927  86  514  113  891  645  452  602  417  70  491  773  262  289  894  815  177  208  982  247  704  759  388  471  54  340  888  624  505  718  740  354  320  510  462  261  858  652  445  870  458  824  227  681  382  422  889  200  286  29  56  773  201  364  643  162  963  
145  2  786  68  256  186  475  474  204  192  331  966  357  332  300  108  926  818  214  100  425  867  759  325  930  594  857  721  573  123  928  364  100  30  342  678  513  617  245  88  173  75  297  915  210  189  80  636  11  691  478  347  574  48  97  867  363  896  302  60  805  326  686  700  297  94  832  484  831  597  444  718  868  612  993  645  601  444  812  700  532  435  167  505  170  764  601  531  301  93  271  333  935  170  303  935  156  127  292  682  
69  330  683  729  622  463  569  383  53  949  855  803  245  677  811  656  335  651  996  209  948  518  177  122  986  553  511  465  600  692  590  779  415  788  806  411  863  86  867  766  499  204  418  58  762  422  943  133  931  986  517  241  500  238  433  725  607  49  3  919  434  305  945  765  865  712  770  266  290  448  404  726  797  965  659  591  510  458  439  467  696  507  832  552  664  217  985  674  323  773  974  131  645  372  827  58  15  416  290  802  
596  735  816  42  88  836  237  549  646  276  359  984  396  907  586  977  805  405  478  7  219  672  500  828  374  614  382  902  6  417  267  197  89  271  179  424  97  709  917  792  669  120  547  910  714  638  94  312  438  739  28  678  842  56  530  659  401  477  599  839  777  583  328  841  452  317  929  194  803  188  990  909  752  787  151  962  95  497  665  850  241  386  495  612  740  536  428  654  242  557  763  24  235  735  445  914  282  357  950  509  
642  806  277  87  715  665  662  560  869  118  550  169  871  939  610  965  621  507  245  784  988  58  820  628  626  827  79  714  591  866  782  645  850  277  653  778  714  653  822  812  90  546  393  700  663  157  195  893  497  695  417  13  883  502  695  32  513  489  41  631  734  920  828  181  335  438  618  570  928  955  857  721  464  938  959  252  659  9  341  887  100  991  908  506  293  488  440  504  725  291  479  740  124  988  446  891  918  686  337  388  
665  880  125  740  717  56  596  439  632  206  683  40  227  895  835  34  220  746  643  559  96  150  638  453  253  266  678  465  817  447  197  715  651  456  788  913  516  370  682  232  745  854  586  100  760  363  650  545  221  824  251  218  936  999  442  615  500  381  522  724  86  934  123  979  600  926  139  532  993  994  759  363  787  421  711  807  921  255  748  563  643  503  598  54  639  273  446  773  662  162  484  647  64  208  886  129  221  247  830  736  
793  70  511  852  866  896  308  797  249  375  285  357  483  474  134  556  211  687  22  195  798  308  729  16  651  351  874  960  389  574  633  811  342  505  557  616  321  3  382  305  700  631  417  458  513  630  425  115  807  239  854  693  322  424  461  521  843  313  972  580  269  936  296  591  654  94  101  146  582  393  41  792  535  379  101  358  672  207  737  606  424  659  907  912  588  529  652  415  269  264  727  441  905  952  855  808  124  195  204  31  
698  470  713  550  780  831  909  446  733  664  708  704  848  817  41  127  728  4  250  590  27  162  40  988  588  203  930  604  732  643  741  729  292  487  146  343  561  55  628  820  524  702  900  646  277  148  355  974  99  716  971  770  195  697  842  984  219  180  476  861  130  817  509  414  598  400  976  382  224  391  950  943  536  900  622  356  729  271  701  930  209  750  851  134  688  227  946  217  442  184  411  881  242  251  142  897  740  516  374  521  
223  699  648  272  926  790  158  893  74  936  92  717  262  502  917  239  606  499  771  604  252  915  209  410  992  732  647  919  404  608  82  594  441  375  61  445  122  258  200  863  131  906  531  822  589  727  399  241  473  116  761  947  958  600  28  660  137  952  442  394  672  647  590  686  795  15  497  217  247  369  344  620  48  305  838  926  643  365  35  544  717  396  272  989  92  523  278  205  504  58  499  505  380  414  640  968  703  271  353  168  
970  594  729  609  222  945  674  459  171  149  870  511  231  958  38  347  729  793  892  983  649  992  518  445  286  136  106  390  891  580  496  62  519  630  505  961  599  422  442  64  362  915  925  956  633  6  564  331  170  398  746  599  200  373  136  723  632  298  33  178  521  616  371  320  657  740  194  890  713  252  435  121  820  122  626  393  265  751  464  8  266  205  956  377  153  229  117  528  238  311  337  785  255  568  773  905  645  38  850  270  
502  54  464  658  861  190  658  962  530  175  309  774  111  714  982  169  208  332  687  767  454  284  838  110  288  65  771  806  990  584  203  906  460  90  605  904  528  101  809  117  672  169  360  201  778  883  884  50  354  910  693  997  513  893  612  999  256  285  224  393  58  735  378  98  678  307  783  470  689  232  459  492  87  593  988  366  26  161  402  178  601  431  56  373  414  884  727  238  236  545  688  728  650  638  252  722  457  206  2  993  
910  158  195  325  236  379  214  936  449  667  3  347  915  299  710  731  247  504  595  312  902  418  864  334  101  402  243  669  519  45  824  995  993  96  239  458  793  475  825  683  836  282  405  785  123  678  259  747  993  195  467  9  140  858  187  272  149  647  772  320  494  573  855  618  599  973  826  303  884  77  537  684  743  285  2  170  61  636  553  170  184  225  677  653  49  391  205  33  863  784  723  743  184  450  523  105  587  598  159  690  
904  997  219  606  205  973  999  872  366  658  263  946  23  776  595  855  161  187  211  381  351  625  923  150  331  600  287  565  730  162  379  253  353  431  394  669  915  121  57  616  904  178  166  202  563  817  874  764  704  500  841  368  328  424  58  560  698  387  431  489  912  618  635  421  275  47  498  470  516  3  914  830  321  785  852  275  855  458  999  296  426  693  97  351  255  646  171  651  593  295  520  601  288  205  633  350  523  993  24  475  
325  671  943  462  403  795  677  259  809  207  340  175  708  385  938  365  143  665  489  881  829  321  621  1  879  557  426  340  683  945  288  610  394  330  396  267  28  548  292  541  442  163  302  885  640  790  461  206  637  997  193  919  56  755  771  750  881  894  306  370  313  763  140  343  239  487  397  83  815  25  861  493  185  187  137  77  804  343  0  742  245  157  912  48  656  906  93  339  761  165  413  541  704  612  379  100  263  211  741  216  
713  532  716  927  808  234  681  780  843  511  831  2  362  550  992  466  720  747  751  12  612  438  47  449  788  334  782  359  606  274  162  63  996  955  351  992  124  669  929  174  849  324  244  253  41  139  262  967  572  496  670  565  102  180  211  170  689  110  867  763  522  935  327  307  550  240  31  427  712  559  127  759  194  425  301  971  846  393  974  60  272  79  677  699  570  379  455  124  467  16  790  341  637  135  951  234  209  744  866  77  
242  669  286  794  466  314  830  577  917  420  180  933  136  90  824  257  485  33  886  138  230  401  609  680  44  749  16  622  275  592  251  240  707  306  681  780  910  59  162  874  249  670  180  549  929  358  836  739  987  583  187  505  423  867  539  384  570  13  484  516  255  930  599  450  490  627  78  209  969  23  414  962  998  78  570  82  437  72  805  150  679  899  219  589  313  300  829  489  580  828  256  223  777  572  97  679  161  460  223  413  
574  996  908  445  58  334  601  934  186  74  942  77  142  977  507  962  712  102  773  271  606  358  624  429  566  584  621  913  813  216  369  220  595  573  795  352  79  26  847  102  827  42  579  572  116  588  365  851  192  110  47  607  267  622  16  240  640  140  808  982  841  619  528  521  140  182  44  926  402  975  174  421  724  699  408  559  404  305  566  414  885  721  222  316  504  681  188  109  397  35  94  985  306  2  344  297  555  771  405  259  
206  833  620  857  161  264  83  507  915  523  290  373  483  465  918  467  265  754  464  928  800  224  801  214  228  529  645  328  173  488  386  500  272  587  331  916  39  831  589  515  660  511  429  428  359  268  67  774  449  158  608  645  101  497  552  554  514  507  667  698  87  25  486  660  780  161  408  571  656  83  156  203  596  345  251  89  108  965  930  147  549  841  615  167  264  697  772  552  105  645  14  818  36  842  221  535  549  625  759  898  
